rh.aparc.DKTatlas.area	rh_caudalanteriorcingulate_area	rh_caudalmiddlefrontal_area	rh_cuneus_area	rh_entorhinal_area	rh_fusiform_area	rh_inferiorparietal_area	rh_inferiortemporal_area	rh_isthmuscingulate_area	rh_lateraloccipital_area	rh_lateralorbitofrontal_area	rh_lingual_area	rh_medialorbitofrontal_area	rh_middletemporal_area	rh_parahippocampal_area	rh_paracentral_area	rh_parsopercularis_area	rh_parsorbitalis_area	rh_parstriangularis_area	rh_pericalcarine_area	rh_postcentral_area	rh_posteriorcingulate_area	rh_precentral_area	rh_precuneus_area	rh_rostralanteriorcingulate_area	rh_rostralmiddlefrontal_area	rh_superiorfrontal_area	rh_superiorparietal_area	rh_superiortemporal_area	rh_supramarginal_area	rh_transversetemporal_area	rh_insula_area	rh_WhiteSurfArea_area	BrainSegVolNotVent	eTIV	rh_temporalpole_area
m000206/	838.0	2269.0	1970.0	376.0	2832.0	5329.0	3809.0	902.0	4368.0	3032.0	2653.0	1349.0	4420.0	678.0	1531.0	1537.0	744.0	1813.0	1238.0	4829.0	1540.0	4329.0	4457.0	776.0	3893.0	8393.0	5308.0	4504.0	3677.0	308.0	1920.0	85623.4	1158447.0	1064809.56792	0.0
m000212/	555.0	2223.0	2034.0	321.0	1865.0	4463.0	2732.0	1030.0	4528.0	2280.0	3139.0	1022.0	3519.0	564.0	1431.0	1502.0	572.0	1284.0	1022.0	4157.0	1149.0	4256.0	4128.0	612.0	4079.0	7134.0	3785.0	4024.0	2895.0	320.0	1493.0	74119.3	1039261.0	1240636.52724	0.0
m000234/	751.0	1770.0	2304.0	348.0	3031.0	6596.0	3253.0	1191.0	5451.0	3047.0	2797.0	1531.0	4512.0	734.0	1973.0	1486.0	612.0	1614.0	1287.0	4742.0	1366.0	4794.0	4385.0	797.0	5111.0	9720.0	4587.0	5175.0	3762.0	390.0	1884.0	90999.5	1269438.0	1166056.95366	0.0
m000270/	617.0	2456.0	2153.0	219.0	2787.0	4681.0	3244.0	959.0	4981.0	3308.0	2942.0	1445.0	4513.0	719.0	1577.0	2167.0	671.0	1896.0	1446.0	4378.0	1327.0	4475.0	4663.0	697.0	4381.0	9370.0	4703.0	4862.0	3057.0	406.0	1904.0	87004.9	1097004.0	1058075.34852	0.0
m000320/	870.0	2122.0	2162.0	302.0	2818.0	5153.0	3595.0	1163.0	4744.0	2866.0	3215.0	1388.0	5046.0	776.0	1555.0	1733.0	610.0	1558.0	1468.0	5472.0	1470.0	4488.0	4489.0	745.0	4592.0	8547.0	4970.0	5099.0	4009.0	382.0	2021.0	89426.4	1203905.0	1465340.74196	0.0
m000348/	690.0	1841.0	1766.0	381.0	2310.0	4939.0	3446.0	1144.0	4620.0	2034.0	3173.0	1101.0	4273.0	534.0	1467.0	1272.0	573.0	1262.0	1073.0	3984.0	1183.0	4015.0	3560.0	537.0	3587.0	7108.0	4092.0	4379.0	2993.0	257.0	1651.0	75246.3	1047960.0	1321150.75009	0.0
m000389/	788.0	2542.0	1834.0	315.0	2570.0	6169.0	3745.0	1086.0	5319.0	3205.0	2486.0	1582.0	4682.0	599.0	1422.0	1747.0	529.0	1492.0	1175.0	5198.0	1369.0	4650.0	4230.0	668.0	5007.0	9340.0	4533.0	5161.0	3508.0	374.0	1791.0	89117.7	1199622.0	1155217.59655	0.0
m000392/	726.0	2131.0	2155.0	333.0	2187.0	5090.0	2951.0	949.0	4385.0	2511.0	2738.0	1221.0	4214.0	598.0	1709.0	1525.0	663.0	1315.0	1282.0	5288.0	1195.0	4745.0	3958.0	707.0	3902.0	8187.0	4678.0	4759.0	3920.0	345.0	1807.0	82172.5	1096915.0	982293.278862	0.0
m000394/	744.0	2546.0	1769.0	351.0	2228.0	5791.0	3333.0	893.0	5153.0	2024.0	2740.0	1124.0	3924.0	554.0	1869.0	1784.0	473.0	1302.0	1133.0	4900.0	1464.0	4600.0	3787.0	643.0	3519.0	7852.0	4748.0	4447.0	3801.0	302.0	1584.0	81384.2	1139721.0	1506314.77959	0.0
m000430/	673.0	2402.0	1915.0	359.0	2309.0	4822.0	3468.0	1209.0	4693.0	2947.0	2553.0	1185.0	4262.0	567.0	1501.0	1655.0	768.0	1303.0	1483.0	4300.0	1140.0	4854.0	3991.0	596.0	3514.0	8743.0	4049.0	5051.0	3531.0	440.0	1924.0	82210.9	1098569.0	1074485.73361	0.0
m077677/	514.0	2023.0	1612.0	252.0	2176.0	4734.0	3188.0	931.0	5050.0	2458.0	2215.0	1091.0	3552.0	501.0	1208.0	1570.0	488.0	1284.0	838.0	4151.0	1083.0	4093.0	3956.0	590.0	3005.0	6819.0	4357.0	4478.0	3172.0	321.0	1596.0	73304.5	1038404.0	1264671.47097	0.0
m077764/	624.0	1760.0	1419.0	247.0	1916.0	3510.0	2525.0	706.0	3483.0	1703.0	2054.0	956.0	3242.0	457.0	1377.0	1166.0	497.0	1113.0	895.0	3822.0	1052.0	3727.0	2976.0	457.0	2740.0	6268.0	3413.0	3475.0	2740.0	249.0	1518.0	62086.9	893383.0	1223196.65883	0.0
m077780/	824.0	1790.0	1916.0	360.0	2603.0	5529.0	3219.0	1099.0	4835.0	2482.0	2601.0	1294.0	4062.0	708.0	1600.0	1505.0	601.0	1688.0	1109.0	4316.0	1666.0	3841.0	4092.0	626.0	4188.0	8001.0	4414.0	4200.0	2964.0	323.0	1756.0	80212.6	1115492.0	1357381.1845	0.0
m078098/	671.0	1850.0	1775.0	256.0	2171.0	5076.0	2960.0	847.0	4091.0	1905.0	2394.0	918.0	3594.0	549.0	1265.0	1203.0	464.0	1248.0	962.0	3731.0	1060.0	3869.0	4381.0	513.0	2947.0	7096.0	4123.0	4465.0	3514.0	350.0	1615.0	71864.8	929788.0	1160881.19664	0.0
m078271/	519.0	1937.0	2237.0	283.0	2465.0	3949.0	2627.0	901.0	4859.0	2056.0	2486.0	1035.0	3456.0	574.0	1380.0	1274.0	524.0	1222.0	1350.0	4415.0	1090.0	4588.0	3855.0	460.0	3222.0	6538.0	4090.0	4234.0	3843.0	325.0	1460.0	73256.6	1000332.0	1296583.11287	0.0
m078681/	569.0	1990.0	1748.0	312.0	2223.0	4927.0	2615.0	848.0	4454.0	2263.0	2476.0	1157.0	2982.0	554.0	1314.0	1341.0	533.0	1139.0	1126.0	4279.0	974.0	3761.0	3805.0	467.0	3335.0	6604.0	4147.0	4035.0	3214.0	320.0	1695.0	71209.4	964151.0	1146539.14313	0.0
m078683/	532.0	1843.0	1737.0	311.0	2045.0	4686.0	3275.0	877.0	4702.0	2007.0	2838.0	1019.0	3913.0	588.0	1543.0	1264.0	447.0	1128.0	1617.0	4210.0	1087.0	4371.0	3124.0	510.0	3309.0	7294.0	3547.0	3943.0	3271.0	306.0	1582.0	72931.2	994696.0	1083967.59144	0.0
m078685/	674.0	2261.0	2232.0	272.0	2425.0	5435.0	3060.0	893.0	5111.0	2747.0	3248.0	1337.0	3916.0	679.0	1964.0	2124.0	643.0	1542.0	1425.0	4978.0	1275.0	4657.0	4384.0	655.0	3961.0	8850.0	4415.0	4505.0	3529.0	380.0	1965.0	85544.1	1130721.0	1102939.44968	0.0
m079271/	797.0	1808.0	1882.0	284.0	2253.0	5256.0	2806.0	908.0	4542.0	2373.0	2333.0	1245.0	3404.0	642.0	1472.0	1243.0	554.0	1215.0	1334.0	3872.0	1127.0	4194.0	3780.0	647.0	3535.0	7999.0	4286.0	4734.0	3454.0	350.0	1578.0	75905.7	751081.0	1377684.8205	0.0
m080832/	710.0	2082.0	1802.0	270.0	2211.0	5510.0	2689.0	814.0	4109.0	2259.0	2644.0	1038.0	3764.0	572.0	1570.0	1268.0	491.0	1200.0	1372.0	3980.0	1079.0	4520.0	3962.0	639.0	3074.0	7505.0	4590.0	4121.0	3152.0	373.0	1534.0	74902.9	981678.0	913558.835215	0.0
m080852/	611.0	1512.0	1389.0	243.0	1911.0	4047.0	2351.0	818.0	3670.0	1800.0	2101.0	755.0	3224.0	522.0	1330.0	997.0	530.0	1029.0	846.0	3297.0	1041.0	3297.0	3359.0	426.0	2777.0	5874.0	3232.0	3529.0	2375.0	245.0	1438.0	60574.1	831310.0	1066391.16706	0.0
m080853/	605.0	1749.0	1505.0	249.0	1870.0	4602.0	2723.0	754.0	3611.0	2372.0	2363.0	1143.0	3410.0	475.0	1606.0	1104.0	574.0	1056.0	1052.0	3957.0	1003.0	4438.0	3662.0	624.0	3109.0	6834.0	4236.0	3991.0	3143.0	312.0	1599.0	69729.3	936585.0	1058016.64185	0.0
m080858/	617.0	1955.0	2033.0	286.0	2780.0	4863.0	3453.0	780.0	4982.0	2152.0	2426.0	1143.0	4122.0	619.0	1304.0	1243.0	518.0	1039.0	1291.0	4259.0	1157.0	4390.0	3946.0	650.0	3549.0	7609.0	4424.0	4401.0	3195.0	333.0	1610.0	77130.0	1037161.0	1256941.12641	0.0
m080859/	450.0	1412.0	1432.0	277.0	2221.0	3489.0	2298.0	776.0	3511.0	1687.0	2462.0	817.0	2616.0	586.0	1125.0	1092.0	465.0	1141.0	1045.0	3372.0	789.0	3363.0	3320.0	398.0	2997.0	5657.0	3891.0	3403.0	2743.0	269.0	1436.0	60539.4	820711.0	1087560.01609	0.0
m080907/	591.0	1832.0	1901.0	269.0	2139.0	5205.0	2811.0	1040.0	4822.0	2708.0	2351.0	1278.0	3387.0	597.0	1494.0	1370.0	541.0	990.0	1287.0	3578.0	1201.0	4122.0	3621.0	562.0	3143.0	8264.0	3285.0	4115.0	2602.0	269.0	1597.0	72971.9	1003600.0	1230396.32355	0.0
m080917/	900.0	1476.0	1804.0	302.0	2744.0	5339.0	3203.0	807.0	4768.0	2471.0	2421.0	1157.0	4332.0	610.0	1386.0	1204.0	539.0	1254.0	1045.0	4772.0	1028.0	3600.0	4588.0	945.0	3970.0	8707.0	4588.0	4465.0	3288.0	285.0	1622.0	79621.9	1053811.0	1300903.59127	0.0
m080943/	413.0	1548.0	1404.0	223.0	1789.0	3958.0	2377.0	756.0	3283.0	1662.0	1826.0	879.0	2623.0	507.0	1392.0	1076.0	490.0	1110.0	792.0	3360.0	936.0	3690.0	2948.0	493.0	2690.0	6569.0	3619.0	3493.0	2740.0	296.0	1525.0	60465.7	861212.0	1102017.84606	0.0
m080946/	730.0	2185.0	2119.0	258.0	2318.0	4738.0	3274.0	980.0	5008.0	2582.0	3048.0	1299.0	3822.0	584.0	1490.0	1752.0	654.0	1643.0	1492.0	4561.0	1171.0	4937.0	4481.0	634.0	3744.0	7974.0	3741.0	4511.0	3131.0	334.0	1839.0	81034.0	1085545.0	1136180.88405	0.0
m080947/	738.0	1613.0	1749.0	299.0	2433.0	5049.0	2971.0	826.0	4976.0	2275.0	2765.0	1163.0	3978.0	708.0	1861.0	1372.0	525.0	1479.0	1272.0	4265.0	1121.0	4113.0	3811.0	669.0	4543.0	7890.0	4258.0	4635.0	2576.0	366.0	1555.0	77852.6	1077539.0	1082411.10515	0.0
m080966/	635.0	1988.0	1824.0	316.0	2376.0	5145.0	3408.0	879.0	4295.0	2240.0	2773.0	1183.0	4225.0	600.0	1491.0	1466.0	603.0	1364.0	1005.0	3898.0	1160.0	4054.0	4094.0	588.0	3870.0	8693.0	4034.0	4197.0	2652.0	291.0	1686.0	77035.2	1064076.0	1225089.31292	0.0
m082058/	756.0	2130.0	2161.0	306.0	2256.0	4570.0	3151.0	1103.0	4776.0	2785.0	3298.0	1206.0	3938.0	688.0	1610.0	1433.0	596.0	1076.0	1829.0	4886.0	1235.0	4747.0	4701.0	765.0	3868.0	8947.0	4755.0	4183.0	3925.0	312.0	1693.0	83686.9	1137514.0	1438156.25984	0.0
m082060/	638.0	1761.0	1682.0	308.0	2157.0	6202.0	2902.0	885.0	4443.0	1940.0	2347.0	917.0	3723.0	593.0	1185.0	1238.0	487.0	1227.0	954.0	4896.0	1059.0	4233.0	3878.0	542.0	3799.0	7092.0	4518.0	4393.0	3472.0	326.0	1705.0	75498.5	1042651.0	1131139.07058	0.0
m082087/	451.0	1989.0	1176.0	283.0	2312.0	4390.0	2923.0	885.0	3492.0	1991.0	1775.0	1085.0	3436.0	694.0	1521.0	1677.0	446.0	1578.0	742.0	3599.0	1026.0	4028.0	3643.0	512.0	3086.0	7196.0	4206.0	3931.0	2841.0	299.0	1599.0	68812.9	912599.0	930645.865926	0.0
m082121/	468.0	1431.0	1294.0	268.0	1815.0	4273.0	2343.0	748.0	3483.0	1821.0	1888.0	647.0	2764.0	466.0	1143.0	1114.0	410.0	1125.0	735.0	3605.0	856.0	3470.0	3002.0	373.0	2447.0	5314.0	3385.0	3365.0	2495.0	266.0	1425.0	58239.7	769743.0	870869.781527	0.0
m082128/	600.0	1751.0	1517.0	275.0	1962.0	4522.0	2583.0	713.0	3849.0	1877.0	2269.0	1058.0	3611.0	678.0	1122.0	1433.0	421.0	1065.0	967.0	3630.0	1099.0	3426.0	3253.0	479.0	3297.0	6384.0	4075.0	3918.0	2921.0	281.0	1504.0	66536.7	916450.0	1145426.52381	0.0
m082139/	415.0	1690.0	1402.0	218.0	1918.0	3200.0	1739.0	696.0	3430.0	1164.0	2125.0	650.0	2587.0	423.0	1185.0	1016.0	410.0	789.0	823.0	3296.0	839.0	3222.0	3008.0	254.0	2035.0	5257.0	3406.0	3081.0	2369.0	280.0	1331.0	54256.8	765373.0	1020693.79234	0.0
m082160/	951.0	2934.0	1861.0	462.0	3228.0	5502.0	4302.0	1150.0	5744.0	3564.0	2415.0	1505.0	5271.0	799.0	1622.0	2060.0	853.0	1881.0	891.0	5536.0	1627.0	4744.0	4608.0	835.0	5166.0	12115.0	5101.0	5527.0	3905.0	383.0	2137.0	98679.5	1297994.0	1268663.55576	0.0
m083010/	551.0	1601.0	1685.0	305.0	2063.0	4740.0	2781.0	1017.0	4189.0	1908.0	2652.0	1071.0	3479.0	534.0	1382.0	1431.0	474.0	1545.0	1312.0	3410.0	1074.0	3515.0	3458.0	449.0	3221.0	6530.0	4218.0	4192.0	2935.0	271.0	1684.0	69675.5	991817.0	1152062.93851	0.0
m084479/	751.0	2175.0	1844.0	359.0	2729.0	5717.0	3329.0	1073.0	5054.0	2509.0	2680.0	1115.0	3794.0	553.0	1505.0	1726.0	743.0	1322.0	1316.0	4806.0	1346.0	4849.0	4018.0	825.0	3993.0	8210.0	4895.0	4752.0	4015.0	325.0	1720.0	84045.8	1143471.0	1093705.018	0.0
m084636/	820.0	2204.0	1602.0	319.0	2559.0	5346.0	3278.0	1007.0	4736.0	2436.0	2858.0	1088.0	3668.0	563.0	1577.0	1337.0	584.0	1176.0	1177.0	4125.0	1435.0	4278.0	3722.0	810.0	4088.0	8063.0	4658.0	4285.0	3165.0	298.0	1639.0	78900.2	1068697.0	1395627.71542	0.0
m085054/	784.0	1912.0	1734.0	267.0	2321.0	5939.0	3050.0	972.0	4452.0	2380.0	2351.0	1255.0	4105.0	527.0	1705.0	1333.0	699.0	1441.0	1133.0	4372.0	1555.0	4453.0	4278.0	669.0	3486.0	8140.0	4043.0	4345.0	3179.0	291.0	1800.0	78969.8	1118061.0	1198771.75934	0.0
m085212/	615.0	1855.0	1676.0	230.0	1932.0	5710.0	2827.0	902.0	4441.0	2463.0	2440.0	1012.0	3642.0	592.0	1546.0	1462.0	593.0	1512.0	1246.0	4273.0	1194.0	4306.0	3994.0	513.0	3567.0	7657.0	5097.0	4414.0	3341.0	318.0	1683.0	77052.8	1064231.0	1285032.03333	0.0
m085448/	725.0	2183.0	2463.0	386.0	2663.0	5338.0	3708.0	1137.0	6047.0	2429.0	2805.0	1184.0	4816.0	614.0	1606.0	1606.0	700.0	1422.0	1560.0	4477.0	1112.0	4443.0	4345.0	536.0	4015.0	7783.0	5221.0	4952.0	3726.0	298.0	1822.0	86121.8	1128305.0	1140520.40471	0.0
m085819/	606.0	2195.0	1913.0	409.0	2476.0	5135.0	3477.0	1017.0	5089.0	3109.0	3353.0	1507.0	4594.0	727.0	1662.0	1718.0	656.0	1531.0	1614.0	4539.0	1269.0	4574.0	4308.0	861.0	4409.0	9084.0	4980.0	5084.0	3994.0	331.0	2056.0	88277.8	1204870.0	1403865.41985	0.0
m086084/	538.0	1678.0	1440.0	256.0	2166.0	3858.0	2520.0	689.0	3478.0	1660.0	2095.0	776.0	2908.0	470.0	1231.0	1094.0	408.0	940.0	986.0	3743.0	869.0	3745.0	3012.0	413.0	3302.0	5980.0	3788.0	3778.0	2966.0	294.0	1358.0	62438.5	894246.0	1052536.91367	0.0
m086490/	655.0	1607.0	1514.0	258.0	2040.0	4764.0	2720.0	719.0	4731.0	2405.0	2380.0	1257.0	4017.0	553.0	1809.0	1757.0	600.0	1306.0	1099.0	3908.0	1049.0	3802.0	3108.0	617.0	2776.0	6775.0	4220.0	4560.0	4092.0	354.0	1661.0	73109.8	938718.0	1206113.62001	0.0
m086510/	474.0	1515.0	1342.0	173.0	1431.0	3595.0	1608.0	654.0	3100.0	1283.0	1838.0	582.0	2204.0	439.0	1104.0	894.0	312.0	717.0	728.0	3177.0	835.0	3129.0	2725.0	275.0	1945.0	4853.0	2926.0	2905.0	2022.0	240.0	1166.0	50189.4	722592.0	890317.627596	0.0
m087092/	609.0	1854.0	1411.0	297.0	1883.0	4382.0	2849.0	746.0	3872.0	2113.0	2203.0	1093.0	3708.0	556.0	1480.0	1317.0	501.0	1114.0	1027.0	3701.0	1132.0	3932.0	3181.0	496.0	3160.0	6912.0	4206.0	4290.0	2767.0	286.0	1566.0	68640.1	964688.0	1238995.2488	0.0
m087096/	847.0	1952.0	1746.0	395.0	2597.0	6497.0	3769.0	1131.0	5527.0	3195.0	3222.0	1448.0	3901.0	572.0	1930.0	1506.0	509.0	1350.0	1644.0	4561.0	1432.0	4335.0	4709.0	601.0	4417.0	9009.0	4574.0	4572.0	3153.0	271.0	1787.0	87159.1	1122778.0	1372319.49703	0.0
m087127/	754.0	2537.0	1665.0	468.0	2069.0	5769.0	2909.0	1149.0	4336.0	2521.0	2326.0	1112.0	3868.0	602.0	1697.0	1966.0	567.0	1513.0	966.0	4143.0	1446.0	4507.0	4592.0	675.0	3275.0	8482.0	4945.0	4576.0	3355.0	333.0	1961.0	81085.3	1107151.0	1004900.78688	0.0
m087234/	580.0	1493.0	1413.0	253.0	2084.0	5322.0	2703.0	900.0	4562.0	2690.0	2607.0	1226.0	3852.0	765.0	1505.0	1504.0	550.0	1165.0	814.0	4378.0	1005.0	4131.0	3920.0	434.0	3824.0	7489.0	4643.0	4512.0	3118.0	301.0	1729.0	75472.8	1079016.0	1208574.52662	0.0
m087308/	746.0	1797.0	1400.0	265.0	2013.0	3854.0	2565.0	796.0	3421.0	1771.0	2175.0	787.0	3025.0	522.0	1400.0	1118.0	363.0	992.0	825.0	4142.0	1010.0	3536.0	3222.0	507.0	2720.0	5952.0	3952.0	4040.0	3100.0	340.0	1538.0	63894.2	891907.0	1077139.01966	0.0
m088200/	478.0	1714.0	1624.0	294.0	2052.0	4029.0	2481.0	768.0	4151.0	1713.0	2489.0	771.0	3124.0	491.0	1410.0	1250.0	460.0	1157.0	1056.0	3124.0	934.0	3927.0	3320.0	407.0	3417.0	6772.0	3497.0	3756.0	2525.0	276.0	1282.0	64748.6	915868.0	1260372.96665	0.0
m088203/	861.0	2087.0	1862.0	245.0	2273.0	5981.0	3043.0	1028.0	4763.0	2878.0	3033.0	1177.0	4027.0	499.0	1629.0	1447.0	713.0	1477.0	1215.0	4324.0	1367.0	4748.0	4579.0	627.0	4671.0	9119.0	5039.0	5096.0	3333.0	363.0	1761.0	85263.9	1159425.0	1193403.3618	0.0
m090950/	350.0	1424.0	1328.0	180.0	1548.0	3177.0	1764.0	704.0	3404.0	1262.0	2103.0	647.0	2322.0	482.0	1038.0	782.0	316.0	735.0	1055.0	2859.0	783.0	3189.0	2732.0	265.0	2315.0	4524.0	3013.0	3029.0	2279.0	240.0	1122.0	50970.0	732130.0	1012871.86963	0.0
m091383/	526.0	1891.0	1826.0	291.0	2662.0	5393.0	3086.0	1090.0	5703.0	2293.0	2404.0	1086.0	4041.0	567.0	1350.0	1275.0	642.0	1219.0	1055.0	4990.0	1090.0	4485.0	4420.0	466.0	3108.0	8389.0	5232.0	4495.0	3506.0	284.0	2057.0	80924.6	1083522.0	1269952.91201	0.0
m091814/	682.0	1866.0	1866.0	268.0	2480.0	4958.0	2886.0	1031.0	4586.0	2446.0	2325.0	1029.0	3584.0	542.0	1527.0	1674.0	540.0	1669.0	951.0	4161.0	1218.0	4557.0	4226.0	575.0	3589.0	7881.0	4067.0	4470.0	3109.0	354.0	1596.0	76715.3	1063942.0	1318749.06857	0.0
m091825/	932.0	2381.0	1813.0	345.0	2437.0	4653.0	3162.0	1067.0	4664.0	2720.0	2822.0	1283.0	3514.0	477.0	1437.0	1342.0	652.0	1380.0	1385.0	4413.0	1234.0	4622.0	4235.0	810.0	4110.0	8357.0	4826.0	4549.0	3604.0	385.0	1835.0	81447.6	1106637.0	1390324.71683	0.0
m091826/	614.0	1890.0	1388.0	286.0	2019.0	4051.0	2623.0	872.0	4193.0	1829.0	2205.0	1152.0	3566.0	599.0	1339.0	1224.0	491.0	1270.0	794.0	3721.0	985.0	3893.0	3395.0	597.0	3770.0	6504.0	3729.0	3941.0	2854.0	328.0	1476.0	67596.5	932858.0	1263645.44405	0.0
m091835/	735.0	1787.0	1931.0	384.0	2541.0	5918.0	2825.0	1050.0	4982.0	2020.0	3228.0	943.0	3665.0	633.0	1421.0	1185.0	580.0	1188.0	1574.0	4378.0	1377.0	4238.0	4562.0	757.0	3309.0	7318.0	4427.0	4619.0	3152.0	296.0	1742.0	78764.0	1028393.0	1165207.07628	0.0
m091942/	615.0	2146.0	1829.0	346.0	2686.0	5412.0	3419.0	1023.0	4354.0	2230.0	2464.0	1279.0	3995.0	510.0	1690.0	1589.0	590.0	1354.0	1169.0	4298.0	1292.0	4583.0	4170.0	562.0	3808.0	7960.0	4983.0	4836.0	3690.0	326.0	1770.0	80978.1	1088593.0	1124028.97488	0.0
m092150/	782.0	2087.0	1850.0	414.0	2990.0	6164.0	3928.0	1010.0	5169.0	3094.0	2815.0	1462.0	4994.0	801.0	1838.0	1375.0	600.0	1358.0	1454.0	4989.0	1594.0	5081.0	4450.0	698.0	4897.0	10065.0	5488.0	4913.0	3954.0	357.0	1892.0	92561.3	1242215.0	1526063.86017	0.0
m092652/	521.0	1294.0	1637.0	291.0	2513.0	4258.0	2614.0	979.0	3826.0	1673.0	2136.0	850.0	3302.0	548.0	1326.0	1077.0	422.0	1008.0	1036.0	3875.0	1122.0	3571.0	3622.0	405.0	2481.0	6854.0	3806.0	4135.0	2737.0	284.0	1587.0	65789.7	928337.0	1152963.93924	0.0
m093097/	558.0	2364.0	2013.0	343.0	3006.0	5297.0	3461.0	1107.0	5009.0	3116.0	2824.0	1594.0	4515.0	760.0	1682.0	1759.0	656.0	1406.0	1352.0	4605.0	1319.0	4427.0	5022.0	665.0	4227.0	9147.0	5115.0	5893.0	5121.0	442.0	2049.0	90855.5	1243772.0	1178508.31992	0.0
m093215/	752.0	1936.0	1681.0	339.0	2924.0	5570.0	3247.0	1140.0	4897.0	2429.0	2701.0	1192.0	3673.0	687.0	1510.0	1368.0	664.0	1412.0	1163.0	4114.0	1373.0	4745.0	4197.0	754.0	3882.0	8339.0	4419.0	4194.0	3994.0	314.0	1777.0	81384.0	1179975.0	1370318.60371	0.0
m093510/	634.0	2220.0	1467.0	261.0	2020.0	5137.0	3183.0	902.0	4192.0	1939.0	2040.0	974.0	3745.0	519.0	1426.0	1414.0	543.0	1138.0	947.0	4291.0	1182.0	3973.0	3638.0	571.0	3293.0	7019.0	4188.0	4019.0	3053.0	285.0	1676.0	71889.8	968282.0	985351.655316	0.0
m093798/	1004.0	1873.0	1990.0	442.0	2457.0	4613.0	3657.0	1040.0	4300.0	2723.0	2591.0	1307.0	4077.0	590.0	1541.0	1625.0	780.0	1481.0	1454.0	4325.0	1311.0	4006.0	5274.0	840.0	3593.0	7488.0	4994.0	4910.0	3873.0	345.0	1797.0	82298.9	1073105.0	1177003.30405	0.0
m094074/	948.0	3230.0	2675.0	394.0	3231.0	5724.0	3641.0	1317.0	6310.0	3419.0	3440.0	1421.0	4146.0	593.0	1558.0	1823.0	731.0	1623.0	1833.0	4477.0	1500.0	4813.0	5193.0	948.0	4563.0	9506.0	5058.0	6054.0	4199.0	469.0	2045.0	96881.8	1274119.0	1235468.77356	0.0
m094095/	613.0	1637.0	2056.0	282.0	2584.0	4420.0	2653.0	880.0	4773.0	2137.0	2469.0	1052.0	3313.0	564.0	1381.0	1394.0	541.0	1420.0	1312.0	3932.0	1126.0	4032.0	3864.0	515.0	2997.0	7256.0	4068.0	4117.0	2896.0	308.0	1571.0	72163.7	1014202.0	1309083.67145	0.0
m094128/	496.0	1604.0	1958.0	299.0	1885.0	4011.0	2364.0	874.0	4283.0	2480.0	2497.0	1061.0	3490.0	454.0	1388.0	1080.0	474.0	1188.0	1303.0	3255.0	951.0	3464.0	3449.0	408.0	3745.0	6668.0	3699.0	4409.0	2751.0	354.0	1509.0	67850.5	976251.0	1049454.6954	0.0
m094253/	652.0	1936.0	2104.0	407.0	2488.0	6473.0	3338.0	1181.0	4861.0	3068.0	2981.0	1501.0	3802.0	571.0	1481.0	1239.0	554.0	1274.0	1562.0	4374.0	1353.0	4012.0	4516.0	727.0	4032.0	8970.0	4685.0	4319.0	3588.0	352.0	1783.0	84185.1	1180774.0	1350873.93846	0.0
m094291/	1244.0	1879.0	2255.0	429.0	2597.0	4909.0	3166.0	906.0	5050.0	2478.0	2716.0	1353.0	3937.0	679.0	1673.0	1355.0	581.0	1722.0	1528.0	4021.0	1731.0	3989.0	4183.0	675.0	4718.0	8475.0	4090.0	4863.0	3258.0	360.0	1927.0	82748.1	1078615.0	1084302.96581	0.0
m094904/	553.0	1929.0	1718.0	265.0	1619.0	4246.0	2115.0	815.0	3780.0	1627.0	2212.0	835.0	3198.0	512.0	1488.0	1032.0	426.0	1088.0	1357.0	3859.0	1020.0	3724.0	3153.0	390.0	2870.0	6141.0	3921.0	3835.0	2949.0	308.0	1553.0	64538.6	860171.0	1064959.31347	0.0
m095118/	615.0	2005.0	1710.0	347.0	2946.0	5082.0	3119.0	962.0	4650.0	2680.0	2507.0	1196.0	3483.0	564.0	1717.0	1190.0	604.0	1128.0	1014.0	4124.0	1133.0	4757.0	4205.0	527.0	3523.0	8150.0	4863.0	4145.0	2941.0	295.0	1674.0	77856.9	1072213.0	1300114.1228	0.0
m095681/	705.0	2224.0	1715.0	318.0	2978.0	5214.0	4010.0	960.0	6055.0	2682.0	2892.0	1112.0	4313.0	632.0	2005.0	1543.0	648.0	1505.0	1149.0	4547.0	1277.0	4821.0	4069.0	763.0	4617.0	8693.0	5277.0	4836.0	3692.0	312.0	1655.0	87216.7	1169325.0	1121989.06912	0.0
m095686/	616.0	2690.0	1829.0	346.0	2658.0	6685.0	3349.0	1074.0	4794.0	2972.0	2848.0	1444.0	4762.0	705.0	1764.0	1727.0	549.0	1275.0	1057.0	5730.0	1277.0	4783.0	5153.0	693.0	4657.0	9247.0	5184.0	5003.0	4651.0	339.0	1753.0	91613.3	1261107.0	1516633.6625	0.0
m095926/	750.0	1578.0	1990.0	381.0	2635.0	5709.0	3545.0	1159.0	4986.0	2588.0	3060.0	1250.0	4108.0	684.0	1651.0	1138.0	633.0	1181.0	1074.0	5001.0	1352.0	4261.0	4092.0	660.0	3721.0	9576.0	4111.0	4418.0	3525.0	331.0	1872.0	83022.6	1123064.0	1366781.77384	0.0
m096004/	590.0	2344.0	2272.0	319.0	2774.0	5618.0	3723.0	886.0	4843.0	2920.0	2392.0	1167.0	4436.0	626.0	1827.0	1622.0	740.0	1372.0	1158.0	4603.0	1164.0	4518.0	4507.0	615.0	3806.0	8710.0	4782.0	4919.0	3610.0	322.0	1949.0	85135.1	1099543.0	1042021.72972	0.0
m097037/	703.0	1902.0	1711.0	413.0	3467.0	5563.0	3306.0	988.0	4972.0	2443.0	2684.0	1316.0	3951.0	859.0	1542.0	2029.0	725.0	1470.0	883.0	4431.0	1398.0	4620.0	4219.0	749.0	2968.0	7553.0	5327.0	5127.0	3978.0	353.0	2095.0	83743.7	1105031.0	1007177.59215	0.0
m097039/	677.0	1787.0	1579.0	415.0	2285.0	5532.0	2976.0	893.0	4630.0	2433.0	2615.0	1164.0	4170.0	650.0	1494.0	1191.0	527.0	1218.0	1442.0	4050.0	1075.0	3236.0	3980.0	517.0	3198.0	7171.0	4119.0	4371.0	3085.0	313.0	1671.0	74464.2	1001610.0	1326236.88892	0.0
m097241/	639.0	1502.0	1467.0	275.0	1718.0	3917.0	2415.0	747.0	3407.0	1668.0	2078.0	884.0	3222.0	519.0	1422.0	1081.0	423.0	1146.0	1110.0	3586.0	910.0	3717.0	2993.0	556.0	2886.0	6265.0	3487.0	4508.0	2741.0	348.0	1414.0	63051.7	913546.0	1183963.57412	0.0
m097266/	999.0	2224.0	2337.0	444.0	2482.0	6775.0	3281.0	1056.0	5205.0	3074.0	3374.0	1393.0	5030.0	762.0	1582.0	1642.0	665.0	1630.0	1563.0	4179.0	1600.0	4817.0	5408.0	736.0	4442.0	10279.0	4818.0	5825.0	3873.0	382.0	1722.0	93599.1	1267154.0	1549280.36286	0.0
m097285/	548.0	2041.0	1763.0	425.0	2204.0	4732.0	3999.0	941.0	4401.0	2525.0	2633.0	1194.0	3919.0	521.0	1573.0	2033.0	681.0	1956.0	1199.0	4120.0	1038.0	3622.0	3834.0	485.0	4075.0	6820.0	4671.0	4297.0	2822.0	316.0	1884.0	77272.4	989184.0	873038.673176	0.0
m097294/	756.0	2009.0	1765.0	329.0	2808.0	5858.0	3374.0	1070.0	4587.0	2298.0	2668.0	1151.0	4187.0	702.0	1483.0	1389.0	526.0	1467.0	1253.0	4273.0	1257.0	4317.0	4120.0	641.0	3769.0	8339.0	4871.0	4729.0	2895.0	343.0	1703.0	80935.1	1053655.0	1000448.8994	0.0
m097299/	1058.0	2695.0	2231.0	529.0	2474.0	5010.0	3940.0	854.0	4763.0	3666.0	3180.0	1483.0	4584.0	634.0	1606.0	1762.0	693.0	1517.0	1670.0	4596.0	1287.0	5398.0	4453.0	957.0	4661.0	9200.0	5087.0	5444.0	4193.0	405.0	1984.0	92010.8	1205823.0	1359195.66057	0.0
m097315/	577.0	1617.0	1547.0	322.0	1769.0	5361.0	2210.0	950.0	4098.0	2083.0	2641.0	1088.0	3673.0	556.0	1257.0	1368.0	555.0	1286.0	1000.0	4231.0	1173.0	3899.0	4144.0	596.0	3419.0	6457.0	4943.0	4022.0	3487.0	256.0	1596.0	72181.9	942839.0	1117654.7662	0.0
m097319/	1076.0	2186.0	1770.0	316.0	2837.0	6049.0	3387.0	1061.0	4372.0	2750.0	2866.0	1344.0	4526.0	692.0	1574.0	2024.0	593.0	1829.0	1226.0	4858.0	1458.0	4550.0	4978.0	950.0	3920.0	8013.0	5378.0	5485.0	3664.0	390.0	1922.0	88043.3	1193604.0	1359373.2816	0.0
m097468/	744.0	1856.0	1426.0	280.0	2114.0	3860.0	2445.0	863.0	3699.0	2250.0	2087.0	1045.0	3318.0	531.0	1327.0	1221.0	493.0	1263.0	810.0	3774.0	1105.0	3682.0	3377.0	569.0	3764.0	6886.0	3753.0	3850.0	3109.0	271.0	1534.0	67305.0	884254.0	1015607.05968	0.0
m097498/	479.0	1520.0	1556.0	236.0	2117.0	4005.0	2597.0	761.0	4245.0	1741.0	2445.0	853.0	3020.0	497.0	1189.0	1264.0	432.0	1119.0	1070.0	3657.0	946.0	3740.0	3369.0	446.0	2652.0	6017.0	3841.0	3712.0	2394.0	269.0	1412.0	63597.1	871397.0	977502.44326	0.0
m097554/	526.0	1190.0	1357.0	210.0	1811.0	3781.0	2159.0	680.0	3456.0	1750.0	1783.0	955.0	2709.0	407.0	1409.0	995.0	504.0	1173.0	797.0	3448.0	912.0	3314.0	3173.0	338.0	3059.0	6041.0	3659.0	3352.0	2466.0	290.0	1385.0	59087.6	833238.0	1130263.79303	0.0
m097555/	535.0	1764.0	1684.0	216.0	1761.0	3850.0	2154.0	778.0	3723.0	1688.0	2228.0	782.0	2741.0	485.0	1324.0	1200.0	462.0	940.0	1210.0	3230.0	980.0	3523.0	3124.0	424.0	2872.0	6227.0	3598.0	3393.0	2340.0	274.0	1477.0	60986.4	913362.0	1304552.34116	0.0
m097592/	357.0	1159.0	1603.0	186.0	1430.0	3476.0	1667.0	651.0	3610.0	1153.0	2059.0	575.0	2321.0	382.0	853.0	908.0	428.0	792.0	1013.0	2959.0	710.0	2683.0	2483.0	256.0	2220.0	4252.0	2722.0	2823.0	2104.0	280.0	1137.0	49254.2	758397.0	876907.983135	0.0
m097667/	607.0	1782.0	1767.0	134.0	2040.0	4365.0	2482.0	738.0	3875.0	1905.0	2538.0	965.0	3819.0	689.0	1406.0	1370.0	459.0	1191.0	1218.0	3973.0	939.0	4081.0	3640.0	495.0	3689.0	6804.0	4085.0	4039.0	2685.0	263.0	1465.0	69507.4	924435.0	1170000.23673	0.0
m097682/	713.0	2944.0	2394.0	416.0	3076.0	7095.0	4676.0	1017.0	6358.0	2738.0	3368.0	1382.0	4800.0	656.0	1820.0	1876.0	616.0	1640.0	1752.0	4763.0	1602.0	4761.0	5346.0	750.0	4854.0	10964.0	5926.0	5203.0	3689.0	395.0	1906.0	99495.0	1270922.0	1626046.1931	0.0
m097695/	550.0	1995.0	1945.0	346.0	2678.0	4570.0	3081.0	864.0	4796.0	2486.0	3070.0	1344.0	3539.0	650.0	1483.0	1612.0	562.0	1654.0	1415.0	4672.0	1025.0	4262.0	4250.0	654.0	3843.0	8428.0	4731.0	4411.0	3525.0	350.0	1729.0	80519.9	1073154.0	990670.56587	0.0
m097712/	526.0	1379.0	1596.0	286.0	1772.0	5094.0	2261.0	814.0	4296.0	1611.0	2166.0	733.0	3228.0	577.0	1249.0	1015.0	466.0	1036.0	1178.0	3544.0	994.0	3439.0	3168.0	350.0	3066.0	6288.0	3557.0	3681.0	2757.0	312.0	1337.0	63775.2	932078.0	1186628.58107	0.0
m097812/	631.0	1639.0	1665.0	204.0	1886.0	3921.0	2497.0	840.0	4675.0	2353.0	2504.0	1167.0	3020.0	506.0	1362.0	1111.0	593.0	1307.0	1123.0	3664.0	1060.0	3787.0	3160.0	485.0	3536.0	6725.0	3512.0	4537.0	2735.0	301.0	1330.0	67834.3	919020.0	1112107.15932	0.0
m097828/	509.0	1927.0	1696.0	276.0	1945.0	4695.0	2842.0	762.0	4277.0	2024.0	2206.0	1122.0	3482.0	555.0	1407.0	1342.0	479.0	1192.0	1131.0	3894.0	966.0	3587.0	3593.0	425.0	2816.0	7052.0	3970.0	4052.0	3219.0	348.0	1726.0	69518.2	985446.0	1356868.15865	0.0
m097830/	739.0	1642.0	2016.0	304.0	2991.0	5443.0	3505.0	972.0	5173.0	2396.0	2483.0	1056.0	4060.0	689.0	1522.0	1377.0	704.0	1519.0	1243.0	4688.0	1516.0	4278.0	4334.0	560.0	4431.0	8264.0	4533.0	4933.0	4108.0	346.0	1976.0	83803.3	1145736.0	1171973.0713	0.0
m097833/	793.0	1537.0	1604.0	375.0	2626.0	4950.0	3764.0	866.0	4201.0	2133.0	2361.0	1166.0	3783.0	456.0	1644.0	1449.0	608.0	1411.0	1108.0	3966.0	1247.0	3601.0	3756.0	563.0	3253.0	7379.0	4697.0	4691.0	3357.0	367.0	1718.0	75429.9	970442.0	891359.765597	0.0
m098256/	828.0	3150.0	2230.0	298.0	2209.0	4127.0	3369.0	711.0	4765.0	2115.0	2724.0	1094.0	4084.0	512.0	1766.0	1643.0	508.0	1242.0	1614.0	3565.0	1183.0	6057.0	3190.0	630.0	3685.0	9644.0	2931.0	4188.0	2173.0	358.0	1517.0	78110.1	1038090.0	1291952.76275	0.0
m098904/	479.0	1931.0	1692.0	282.0	2216.0	4312.0	2649.0	724.0	3654.0	1962.0	2004.0	991.0	3211.0	483.0	1742.0	1094.0	529.0	1020.0	1063.0	3958.0	1153.0	3680.0	3758.0	394.0	3077.0	7412.0	4452.0	4242.0	2960.0	332.0	1509.0	68966.5	957161.0	1173897.16594	0.0
m098922/	837.0	2318.0	1660.0	335.0	2169.0	5432.0	3652.0	975.0	4763.0	2727.0	2496.0	1256.0	4416.0	594.0	1337.0	1466.0	567.0	1129.0	914.0	5041.0	1266.0	4261.0	4010.0	865.0	4416.0	8473.0	4275.0	5061.0	3545.0	385.0	1809.0	82450.9	1142547.0	1055066.90804	0.0
m099018/	1044.0	2721.0	2084.0	339.0	2511.0	6371.0	3780.0	1075.0	4834.0	2943.0	2877.0	1400.0	4483.0	603.0	1557.0	1447.0	684.0	1710.0	1565.0	4814.0	1457.0	4615.0	4583.0	842.0	4148.0	8623.0	4712.0	4347.0	3230.0	297.0	1805.0	87501.4	1200477.0	1094140.13226	0.0
m099082/	530.0	1448.0	1177.0	237.0	1634.0	4058.0	2438.0	685.0	3954.0	2335.0	2001.0	967.0	2868.0	513.0	1200.0	909.0	558.0	898.0	837.0	3586.0	961.0	3367.0	2855.0	344.0	3083.0	6672.0	3407.0	3562.0	2453.0	279.0	1284.0	61100.2	850365.0	1062872.36954	0.0
m099605/	639.0	2117.0	1713.0	231.0	2564.0	4458.0	2670.0	863.0	4393.0	2290.0	2389.0	1214.0	3588.0	511.0	1448.0	1324.0	583.0	1195.0	1060.0	3986.0	1192.0	4068.0	3449.0	543.0	3693.0	7338.0	3326.0	4473.0	3065.0	341.0	1467.0	72189.5	912970.0	1224255.87906	0.0
m099652/	662.0	2480.0	1873.0	387.0	2568.0	5597.0	2913.0	878.0	4932.0	2837.0	2728.0	1384.0	4614.0	688.0	1521.0	1608.0	603.0	1328.0	1360.0	4388.0	1216.0	4142.0	4188.0	662.0	4092.0	7092.0	4050.0	5570.0	3593.0	303.0	1681.0	81937.9	1088315.0	1249176.74566	0.0
m099765/	529.0	1312.0	1642.0	212.0	1868.0	4552.0	2240.0	885.0	4325.0	1697.0	2107.0	747.0	2948.0	472.0	1183.0	1101.0	456.0	1299.0	1193.0	3656.0	1132.0	3259.0	3374.0	477.0	2692.0	5534.0	3623.0	3571.0	2697.0	274.0	1440.0	62495.9	842433.0	1005390.61666	0.0
m099790/	739.0	2829.0	1933.0	350.0	2706.0	5075.0	3614.0	1047.0	5071.0	2210.0	2897.0	1224.0	4195.0	568.0	1674.0	1706.0	573.0	1436.0	1318.0	4261.0	1452.0	4582.0	4295.0	720.0	3630.0	8093.0	4151.0	4576.0	3271.0	314.0	1833.0	82345.7	1099363.0	1285479.82959	0.0
m100119/	785.0	2238.0	2068.0	254.0	2749.0	5502.0	3209.0	990.0	4701.0	3062.0	2401.0	1167.0	4034.0	600.0	1351.0	1614.0	483.0	1186.0	1274.0	4583.0	1241.0	4325.0	4407.0	681.0	3761.0	7453.0	5123.0	4845.0	3851.0	347.0	1767.0	82056.1	1114467.0	1432562.96663	0.0
m100161/	674.0	1671.0	1576.0	340.0	2118.0	3940.0	2855.0	886.0	3823.0	2236.0	2468.0	1006.0	3200.0	521.0	1237.0	1167.0	473.0	939.0	1097.0	3844.0	1116.0	4155.0	3413.0	555.0	3537.0	6945.0	3705.0	4024.0	2834.0	270.0	1529.0	68151.4	949148.0	1099850.86276	0.0
m100192/	632.0	1718.0	1852.0	316.0	1936.0	4297.0	3023.0	901.0	4335.0	2478.0	2093.0	1069.0	3708.0	437.0	1253.0	1360.0	574.0	1208.0	849.0	4057.0	1177.0	3922.0	3822.0	527.0	2957.0	6828.0	4494.0	4139.0	3140.0	319.0	1651.0	71072.8	936375.0	1106271.17776	0.0
m100246/	726.0	1780.0	1920.0	308.0	2831.0	5587.0	3382.0	955.0	5237.0	2459.0	2376.0	1334.0	4388.0	607.0	1588.0	1288.0	611.0	1469.0	1120.0	3801.0	1326.0	4443.0	4063.0	755.0	4659.0	8438.0	4404.0	4580.0	3025.0	346.0	1748.0	81552.4	1127106.0	1206612.58976	0.0
m100308/	679.0	2246.0	1638.0	275.0	2163.0	4733.0	2985.0	1033.0	3578.0	1815.0	2148.0	909.0	3631.0	567.0	1336.0	1497.0	474.0	1406.0	843.0	4276.0	1262.0	4288.0	4092.0	406.0	3181.0	7268.0	4700.0	4189.0	3042.0	334.0	1518.0	72510.1	1051674.0	1435171.25836	0.0
m100622/	698.0	1983.0	1860.0	332.0	2468.0	6164.0	3077.0	1013.0	5156.0	2347.0	2812.0	978.0	4440.0	756.0	1355.0	1293.0	518.0	1075.0	1120.0	4112.0	1272.0	4288.0	3909.0	483.0	3552.0	7611.0	4179.0	4648.0	2703.0	306.0	1689.0	78195.3	1059388.0	1133614.42248	0.0
m100770/	742.0	2190.0	1817.0	334.0	2348.0	5017.0	3095.0	985.0	4527.0	2051.0	2609.0	1147.0	3927.0	643.0	1312.0	1689.0	501.0	1173.0	1037.0	4227.0	1310.0	4439.0	4022.0	467.0	3044.0	7304.0	4808.0	4127.0	3592.0	333.0	1686.0	76500.6	1044789.0	1112794.24348	0.0
m100871/	595.0	2053.0	1961.0	244.0	2471.0	4894.0	3050.0	1028.0	4762.0	2652.0	2837.0	1378.0	3709.0	618.0	1357.0	1522.0	573.0	1481.0	1408.0	4655.0	1097.0	4787.0	4588.0	549.0	3236.0	7316.0	5354.0	4494.0	3213.0	348.0	1690.0	79919.8	1101121.0	1462422.26651	0.0
m100961/	490.0	1657.0	1823.0	252.0	2112.0	3729.0	2955.0	845.0	4382.0	2047.0	2521.0	931.0	3273.0	696.0	1488.0	1264.0	499.0	1127.0	1189.0	4126.0	1079.0	3547.0	4040.0	413.0	2844.0	7146.0	3968.0	4402.0	2815.0	310.0	1853.0	69822.0	935283.0	967727.694361	0.0
m101001/	633.0	2667.0	1958.0	363.0	2514.0	5104.0	3659.0	835.0	4690.0	2891.0	2732.0	1189.0	3964.0	620.0	1673.0	2112.0	582.0	1594.0	1299.0	4172.0	1207.0	5584.0	4158.0	801.0	3827.0	8526.0	4197.0	5051.0	2839.0	363.0	1827.0	83628.3	1116450.0	1389279.98056	0.0
m101208/	423.0	1482.0	1474.0	184.0	1619.0	3717.0	1950.0	755.0	3622.0	1404.0	2097.0	685.0	2843.0	448.0	1033.0	1143.0	426.0	975.0	887.0	3429.0	936.0	3332.0	2941.0	335.0	2213.0	4677.0	3014.0	3117.0	2300.0	219.0	1238.0	54919.4	751034.0	954658.494893	0.0
m101327/	698.0	2450.0	1600.0	226.0	2494.0	4976.0	2921.0	873.0	3942.0	2415.0	2558.0	1132.0	3869.0	706.0	1661.0	1401.0	533.0	1288.0	1338.0	4597.0	1258.0	4662.0	3964.0	577.0	4074.0	7936.0	4164.0	4508.0	3011.0	350.0	1655.0	77836.0	1049082.0	1503707.49462	0.0
m101403/	684.0	1448.0	1968.0	346.0	2222.0	4714.0	3371.0	1040.0	4686.0	2730.0	3232.0	1135.0	4146.0	695.0	1217.0	1720.0	664.0	1709.0	1611.0	4112.0	1050.0	3576.0	3917.0	607.0	4076.0	7179.0	4356.0	4422.0	3554.0	364.0	1612.0	78160.6	1116990.0	1013659.90501	0.0
m101447/	670.0	2196.0	1949.0	338.0	3109.0	5872.0	3837.0	1053.0	4541.0	3155.0	2807.0	1490.0	4449.0	568.0	1663.0	1537.0	670.0	1386.0	1133.0	5458.0	1278.0	4411.0	5119.0	792.0	5008.0	9502.0	5126.0	5659.0	3885.0	424.0	1739.0	90826.6	1182211.0	1562201.78115	0.0
m101456/	996.0	2782.0	2449.0	460.0	2366.0	5444.0	3713.0	1032.0	6067.0	2661.0	3439.0	1397.0	4034.0	582.0	1858.0	1569.0	680.0	1870.0	1748.0	5274.0	1464.0	5012.0	4765.0	864.0	5324.0	9239.0	5514.0	5349.0	3779.0	410.0	2002.0	94142.8	1252560.0	1089335.36371	0.0
m101487/	896.0	2528.0	2125.0	339.0	2797.0	4596.0	3412.0	1101.0	5287.0	2615.0	2548.0	1252.0	4326.0	623.0	1746.0	2120.0	661.0	2148.0	1406.0	4332.0	1461.0	4190.0	4431.0	690.0	5482.0	9021.0	5080.0	4902.0	3470.0	347.0	1866.0	87795.7	1177531.0	1286821.03968	0.0
m101520/	545.0	1824.0	1621.0	221.0	2117.0	4942.0	2587.0	1002.0	4930.0	2544.0	2350.0	1120.0	3930.0	599.0	1405.0	1152.0	573.0	1194.0	1082.0	4966.0	1125.0	4233.0	3651.0	727.0	3437.0	7030.0	4096.0	4160.0	3336.0	285.0	1632.0	74417.4	1019026.0	1227673.99593	0.0
m101522/	675.0	2391.0	1752.0	417.0	2352.0	5100.0	3665.0	1071.0	5636.0	2891.0	3285.0	1235.0	4062.0	728.0	1400.0	1328.0	636.0	1195.0	1330.0	4582.0	1240.0	4496.0	3943.0	625.0	4562.0	9204.0	4516.0	4503.0	3341.0	338.0	1788.0	84290.7	1135019.0	1117818.7511	0.0
m101574/	470.0	1814.0	1709.0	234.0	2009.0	4466.0	2712.0	883.0	4188.0	2341.0	2161.0	987.0	3307.0	455.0	1219.0	1271.0	453.0	1256.0	1012.0	3611.0	1023.0	3546.0	3539.0	371.0	3436.0	6471.0	3760.0	3810.0	2788.0	270.0	1608.0	67183.3	929396.0	1139734.99262	0.0
m101597/	817.0	2150.0	1725.0	345.0	2304.0	4940.0	3173.0	1121.0	4353.0	1993.0	2469.0	1095.0	3883.0	539.0	1387.0	1491.0	546.0	1356.0	1089.0	4728.0	1171.0	4480.0	4092.0	607.0	3842.0	7834.0	4294.0	4730.0	3557.0	328.0	1642.0	78078.1	1033011.0	1291055.68808	0.0
m101723/	615.0	2157.0	1565.0	347.0	2015.0	4633.0	2567.0	751.0	4269.0	2300.0	2624.0	856.0	3587.0	571.0	1430.0	1215.0	389.0	979.0	1071.0	3696.0	1164.0	4342.0	3106.0	472.0	3064.0	6439.0	3987.0	3932.0	2658.0	282.0	1448.0	68530.2	917363.0	869304.803753	0.0
m102072/	662.0	1999.0	1603.0	424.0	2044.0	3591.0	3040.0	840.0	3371.0	2200.0	2191.0	1055.0	2770.0	600.0	1445.0	1268.0	593.0	1470.0	898.0	3526.0	1283.0	3911.0	3503.0	508.0	3403.0	7123.0	3564.0	4136.0	2665.0	298.0	1869.0	67851.4	919539.0	955942.350644	0.0
m102092/	583.0	2522.0	1923.0	408.0	2816.0	5081.0	3425.0	1057.0	4778.0	2611.0	2851.0	1206.0	3996.0	636.0	1669.0	1679.0	600.0	1648.0	1510.0	4328.0	1187.0	4910.0	3871.0	708.0	3924.0	8181.0	4582.0	4550.0	3220.0	369.0	1866.0	82691.2	1144524.0	1296031.43808	0.0
m102110/	412.0	1504.0	1455.0	186.0	1490.0	3244.0	2004.0	748.0	3049.0	1236.0	1886.0	642.0	2575.0	394.0	1094.0	1086.0	358.0	968.0	864.0	3083.0	808.0	3031.0	2724.0	267.0	2489.0	5339.0	2849.0	3047.0	2029.0	248.0	1205.0	52314.3	760552.0	962478.16868	0.0
m102167/	533.0	1538.0	1535.0	261.0	1599.0	3710.0	1655.0	943.0	3719.0	1458.0	2328.0	705.0	2338.0	461.0	1197.0	1260.0	455.0	1022.0	878.0	3738.0	935.0	3852.0	2606.0	275.0	2366.0	5404.0	3739.0	3466.0	2234.0	254.0	1283.0	57746.0	837343.0	1074621.46524	0.0
m102169/	612.0	2814.0	1993.0	339.0	2847.0	5521.0	3792.0	1025.0	5675.0	2508.0	2198.0	1169.0	4506.0	644.0	1390.0	1489.0	634.0	1388.0	1116.0	4423.0	1158.0	4918.0	4612.0	584.0	3422.0	8070.0	4195.0	5322.0	3695.0	411.0	1677.0	84149.4	1117066.0	1386285.57598	0.0
m102207/	665.0	1796.0	1380.0	216.0	1848.0	3892.0	2333.0	682.0	3393.0	2307.0	1899.0	1197.0	3115.0	499.0	1369.0	1273.0	508.0	1046.0	769.0	4163.0	1071.0	4230.0	3133.0	418.0	3006.0	6814.0	3715.0	3781.0	2627.0	322.0	1554.0	65020.4	891829.0	966144.389088	0.0
m102226/	672.0	1891.0	1683.0	296.0	2310.0	4864.0	3011.0	977.0	4449.0	2589.0	2138.0	1031.0	3619.0	595.0	1253.0	1410.0	503.0	1466.0	895.0	3855.0	1133.0	4219.0	3901.0	627.0	3458.0	6190.0	3948.0	4202.0	3064.0	315.0	1580.0	72144.3	992275.0	967831.774151	0.0
m102231/	814.0	1794.0	1886.0	305.0	2600.0	5871.0	3371.0	817.0	4175.0	2467.0	3061.0	1129.0	4177.0	694.0	1864.0	1542.0	526.0	1692.0	1173.0	4581.0	1273.0	4695.0	4190.0	735.0	4259.0	8419.0	5460.0	5084.0	3782.0	377.0	2004.0	84817.2	1101520.0	1366654.32665	0.0
m102469/	1107.0	2362.0	2020.0	374.0	3046.0	5583.0	3459.0	1020.0	5164.0	3030.0	3085.0	1550.0	4605.0	637.0	1639.0	1627.0	696.0	1771.0	1337.0	4545.0	1229.0	4376.0	4334.0	1091.0	4804.0	8765.0	4767.0	5487.0	3664.0	379.0	2008.0	89561.5	1187736.0	1056978.46734	0.0
m102476/	738.0	2503.0	1782.0	285.0	2261.0	4795.0	3442.0	1072.0	4830.0	2731.0	2783.0	1231.0	4508.0	633.0	1809.0	1588.0	545.0	1362.0	1050.0	4894.0	1137.0	5486.0	4707.0	755.0	3520.0	9205.0	4704.0	5055.0	3647.0	399.0	1941.0	85398.1	1149163.0	1413796.79286	0.0
m102543/	443.0	1315.0	1490.0	252.0	1996.0	5105.0	2784.0	706.0	3780.0	1412.0	1672.0	727.0	3508.0	443.0	1323.0	1215.0	415.0	1076.0	758.0	3308.0	919.0	3439.0	3128.0	262.0	2428.0	5955.0	3845.0	3872.0	2484.0	285.0	1429.0	61772.1	933344.0	1149621.12117	0.0
m102595/	401.0	1293.0	1414.0	191.0	1582.0	2926.0	1821.0	602.0	3074.0	1495.0	2002.0	762.0	2130.0	415.0	988.0	862.0	342.0	675.0	1152.0	2996.0	815.0	3222.0	2307.0	291.0	1969.0	4579.0	3298.0	3021.0	2029.0	284.0	1240.0	50178.4	756571.0	1068630.72943	0.0
m102597/	865.0	2092.0	1724.0	290.0	2228.0	4901.0	2790.0	950.0	4675.0	2803.0	2781.0	1510.0	3889.0	625.0	1466.0	1851.0	574.0	1378.0	1377.0	4225.0	1454.0	4109.0	3815.0	684.0	3773.0	7779.0	4908.0	4490.0	3677.0	307.0	1698.0	79688.0	1083561.0	1449767.70715	0.0
m102670/	744.0	2411.0	2041.0	297.0	2241.0	5401.0	3314.0	801.0	4320.0	2542.0	2206.0	1184.0	3830.0	625.0	1715.0	1252.0	600.0	1426.0	1159.0	3845.0	973.0	4352.0	3719.0	598.0	4424.0	8435.0	4872.0	3977.0	2880.0	314.0	1587.0	78084.4	1053351.0	1069614.00623	0.0
m102739/	632.0	2467.0	1950.0	311.0	2323.0	5542.0	3050.0	969.0	4316.0	2356.0	2361.0	1170.0	4225.0	527.0	1318.0	1205.0	538.0	1113.0	1147.0	4674.0	1147.0	4007.0	3839.0	419.0	3541.0	8184.0	3924.0	4589.0	3187.0	304.0	1663.0	76998.3	1030979.0	990974.001381	0.0
m102744/	538.0	2118.0	2149.0	342.0	2403.0	6177.0	3180.0	1029.0	5524.0	2492.0	3373.0	1187.0	4349.0	661.0	1742.0	1548.0	589.0	1409.0	1639.0	4590.0	1237.0	4702.0	4417.0	649.0	3937.0	8625.0	4389.0	4804.0	3115.0	379.0	1834.0	85127.2	1167922.0	1381131.87065	0.0
m102746/	779.0	2146.0	2449.0	442.0	3216.0	7053.0	4077.0	1041.0	6218.0	3037.0	4111.0	1303.0	5855.0	724.0	2046.0	1810.0	823.0	1929.0	1861.0	5320.0	1560.0	5358.0	5473.0	1055.0	5563.0	11122.0	5601.0	6607.0	4414.0	481.0	2328.0	105803.0	1355370.0	1459279.36548	0.0
m102792/	600.0	2032.0	2003.0	306.0	2501.0	4884.0	3406.0	810.0	4846.0	2410.0	2941.0	1201.0	3934.0	618.0	1506.0	1443.0	608.0	1398.0	1350.0	4072.0	866.0	4232.0	3935.0	547.0	3488.0	8137.0	4517.0	4414.0	2765.0	367.0	1748.0	77885.6	974652.0	1222647.74824	0.0
m102873/	664.0	2267.0	2176.0	327.0	2725.0	4872.0	3517.0	1077.0	5108.0	2818.0	2499.0	1241.0	4093.0	671.0	1351.0	1212.0	776.0	1323.0	1016.0	4623.0	1387.0	4454.0	4351.0	688.0	3662.0	8993.0	4395.0	4446.0	3259.0	313.0	1927.0	82229.0	1145596.0	1120550.94373	0.0
m102976/	960.0	3062.0	2328.0	412.0	2489.0	6896.0	3590.0	1052.0	4711.0	3095.0	3087.0	1391.0	4897.0	660.0	1646.0	1458.0	630.0	1167.0	1597.0	5448.0	1478.0	5588.0	4426.0	844.0	5034.0	8935.0	4248.0	5379.0	3636.0	327.0	1803.0	92273.0	1240809.0	1584691.90596	0.0
m103025/	616.0	2824.0	2090.0	275.0	2578.0	5915.0	2929.0	773.0	6258.0	3080.0	2538.0	1193.0	4176.0	531.0	1447.0	2174.0	636.0	1588.0	1497.0	3278.0	1051.0	5358.0	4135.0	563.0	3921.0	9177.0	4047.0	4747.0	2586.0	319.0	1774.0	84074.6	1128742.0	1210280.08187	0.0
m103057/	674.0	2619.0	1971.0	396.0	2629.0	4715.0	3606.0	1074.0	4463.0	2804.0	2324.0	1457.0	4208.0	652.0	1724.0	1842.0	628.0	1569.0	889.0	4705.0	1387.0	4604.0	4715.0	630.0	4121.0	8888.0	4565.0	4562.0	3696.0	413.0	1932.0	84461.6	1103002.0	1076818.63376	0.0
m103086/	966.0	2095.0	2159.0	339.0	3001.0	5546.0	3353.0	825.0	4766.0	3162.0	2693.0	1416.0	3798.0	649.0	1804.0	1669.0	598.0	1379.0	1225.0	4489.0	1336.0	4869.0	4561.0	899.0	3847.0	8283.0	4634.0	4922.0	3424.0	362.0	2059.0	85128.2	1194360.0	1294156.17562	0.0
m103140/	756.0	1751.0	1904.0	378.0	2558.0	6341.0	3343.0	932.0	4688.0	2519.0	2655.0	1199.0	4098.0	568.0	1464.0	1473.0	550.0	1305.0	1194.0	4045.0	1393.0	4375.0	4078.0	537.0	3628.0	8276.0	5290.0	4704.0	3500.0	306.0	1880.0	81685.1	1142281.0	1310405.57527	0.0
m103166/	483.0	1993.0	1417.0	192.0	1911.0	4146.0	2357.0	788.0	3280.0	1499.0	1941.0	918.0	3310.0	503.0	1148.0	1230.0	471.0	860.0	836.0	4250.0	911.0	4053.0	3300.0	434.0	2755.0	5913.0	3746.0	4240.0	2739.0	333.0	1473.0	63430.9	876453.0	1219564.52695	0.0
m103170/	683.0	2201.0	1688.0	426.0	2387.0	5711.0	3320.0	1062.0	4725.0	2376.0	2902.0	1230.0	3879.0	606.0	1805.0	1556.0	585.0	1360.0	1255.0	4440.0	1193.0	4447.0	4086.0	609.0	4270.0	9202.0	4679.0	4443.0	2980.0	255.0	1384.0	81744.2	1076090.0	1341909.62906	0.0
m103219/	609.0	1954.0	1552.0	290.0	2185.0	3756.0	2781.0	896.0	3613.0	2200.0	1834.0	1180.0	3011.0	672.0	1554.0	1470.0	564.0	1372.0	747.0	4053.0	1041.0	4150.0	3651.0	670.0	3430.0	7927.0	3957.0	4141.0	2845.0	321.0	1628.0	70054.2	1012786.0	1230245.25008	0.0
m103283/	550.0	1780.0	1566.0	205.0	2249.0	4900.0	2986.0	937.0	3869.0	2316.0	2335.0	979.0	3394.0	505.0	1624.0	1279.0	524.0	1154.0	1470.0	4050.0	968.0	3953.0	3360.0	453.0	3599.0	7060.0	3938.0	3984.0	2752.0	324.0	1395.0	70458.8	1003066.0	1330128.82572	0.0
m103292/	504.0	1521.0	1433.0	212.0	1556.0	3748.0	1914.0	788.0	3934.0	1728.0	2356.0	962.0	2786.0	506.0	1345.0	1389.0	415.0	1062.0	988.0	3535.0	928.0	3454.0	3145.0	389.0	2575.0	5802.0	3167.0	3378.0	2270.0	234.0	1511.0	59535.6	841382.0	1158556.37218	0.0
m103317/	652.0	2753.0	1931.0	363.0	2424.0	5291.0	2808.0	980.0	4487.0	2691.0	2853.0	1230.0	3800.0	522.0	1356.0	1731.0	602.0	1448.0	1251.0	4217.0	1154.0	4389.0	3985.0	699.0	4175.0	8085.0	4586.0	4155.0	3017.0	259.0	1555.0	79449.0	1119500.0	1077096.06808	0.0
m103362/	637.0	2116.0	2190.0	238.0	2634.0	5405.0	2919.0	1012.0	5206.0	2705.0	3259.0	1116.0	4414.0	622.0	1418.0	1533.0	744.0	1571.0	1563.0	4331.0	1218.0	4676.0	4381.0	549.0	4598.0	8265.0	3880.0	5280.0	2931.0	426.0	1617.0	83455.1	1102437.0	1023644.8007	0.0
m103366/	1156.0	2129.0	1763.0	460.0	3188.0	6940.0	4164.0	1193.0	5141.0	2803.0	2510.0	1374.0	5789.0	679.0	1709.0	1288.0	653.0	1477.0	999.0	4717.0	1758.0	4390.0	5177.0	791.0	5156.0	9227.0	5624.0	4474.0	3754.0	277.0	1851.0	92611.2	1291132.0	1563624.47943	0.0
m103376/	970.0	1903.0	1848.0	342.0	2719.0	6911.0	3850.0	1014.0	5545.0	3023.0	2733.0	1353.0	4848.0	760.0	1545.0	1273.0	592.0	1734.0	1174.0	4623.0	1507.0	4147.0	4408.0	727.0	4738.0	9873.0	4750.0	5362.0	3904.0	413.0	1796.0	90384.2	1262403.0	1205226.94882	0.0
m103381/	590.0	2455.0	1661.0	242.0	2189.0	4704.0	2613.0	774.0	3977.0	2174.0	2310.0	905.0	3350.0	583.0	1376.0	1593.0	435.0	1192.0	1199.0	4348.0	1094.0	4314.0	3566.0	372.0	3027.0	7799.0	4081.0	4179.0	2768.0	282.0	1460.0	71612.5	958490.0	1189866.48368	0.0
m103423/	452.0	1539.0	1568.0	273.0	1909.0	4289.0	2447.0	763.0	3655.0	1485.0	2302.0	702.0	2895.0	498.0	1062.0	1112.0	404.0	928.0	945.0	3580.0	873.0	3462.0	3390.0	339.0	2832.0	6014.0	3467.0	3764.0	2532.0	292.0	1412.0	61184.9	909089.0	1187180.63366	0.0
m103457/	703.0	2285.0	1587.0	323.0	2464.0	5442.0	3529.0	1025.0	4379.0	2231.0	2602.0	970.0	4293.0	595.0	1360.0	1434.0	622.0	1325.0	989.0	4496.0	1203.0	4607.0	4086.0	527.0	3929.0	8375.0	4147.0	4809.0	3285.0	350.0	1831.0	79804.6	1096889.0	1107235.39547	0.0
m103565/	545.0	1327.0	1627.0	203.0	1743.0	4490.0	2320.0	773.0	4391.0	2270.0	1918.0	758.0	2829.0	477.0	1256.0	1385.0	571.0	1509.0	1014.0	3599.0	946.0	3389.0	3446.0	347.0	3002.0	5945.0	4166.0	3300.0	2487.0	228.0	1371.0	63630.1	912028.0	1097671.96144	0.0
m103594/	857.0	2093.0	1741.0	327.0	2053.0	4654.0	2741.0	1002.0	4277.0	2356.0	2644.0	983.0	3830.0	453.0	1493.0	1359.0	541.0	1094.0	1278.0	4268.0	1498.0	4672.0	4087.0	688.0	3653.0	7285.0	4438.0	4404.0	3013.0	341.0	1468.0	75592.4	1003590.0	1004093.79239	0.0
m103688/	637.0	1942.0	1678.0	287.0	2594.0	4095.0	2963.0	1003.0	4142.0	2191.0	3033.0	993.0	3348.0	600.0	1341.0	1213.0	478.0	1194.0	1464.0	4154.0	1302.0	4033.0	3551.0	507.0	3314.0	7175.0	4357.0	3961.0	3335.0	332.0	1686.0	72903.8	1047809.0	1416207.52089	0.0
m103769/	743.0	2025.0	2221.0	297.0	2203.0	5179.0	3063.0	884.0	4790.0	2548.0	2811.0	1245.0	4114.0	558.0	1447.0	1798.0	493.0	1430.0	1342.0	4502.0	1324.0	4682.0	4102.0	539.0	3878.0	7235.0	5246.0	4784.0	2921.0	340.0	1599.0	80342.9	1077905.0	1006953.55491	0.0
m103773/	595.0	1586.0	1404.0	188.0	1690.0	3754.0	1892.0	720.0	3480.0	2214.0	2042.0	856.0	2459.0	601.0	1476.0	1528.0	384.0	1206.0	915.0	3313.0	1117.0	3534.0	3593.0	485.0	2567.0	7066.0	3955.0	3663.0	2743.0	314.0	1520.0	62862.7	864725.0	1054930.8272	0.0
m103788/	587.0	1856.0	1260.0	248.0	2273.0	4674.0	2430.0	832.0	3720.0	2213.0	2272.0	749.0	3260.0	393.0	1297.0	1152.0	424.0	934.0	840.0	3601.0	1022.0	3653.0	3346.0	380.0	3221.0	6481.0	4154.0	4304.0	2953.0	303.0	1326.0	66159.9	905598.0	996083.759359	0.0
m103831/	568.0	2103.0	1899.0	277.0	2453.0	5353.0	3160.0	1064.0	5226.0	2321.0	2661.0	1127.0	3858.0	557.0	1823.0	1365.0	699.0	1630.0	1332.0	5054.0	1296.0	4958.0	3687.0	514.0	4695.0	9656.0	4411.0	4647.0	3163.0	326.0	1855.0	83738.1	1143167.0	1218849.75993	0.0
m103870/	676.0	2217.0	1712.0	314.0	2534.0	6723.0	3319.0	1231.0	5120.0	2962.0	2820.0	1266.0	4545.0	559.0	1662.0	1466.0	577.0	1843.0	1020.0	4234.0	1246.0	4523.0	5049.0	778.0	4910.0	8334.0	5220.0	4495.0	3870.0	310.0	1917.0	87453.4	1191164.0	1380757.16497	0.0
m103944/	585.0	2599.0	1866.0	359.0	2354.0	5402.0	3277.0	1003.0	5002.0	3000.0	2658.0	1458.0	3906.0	599.0	1503.0	1962.0	576.0	1500.0	1308.0	4866.0	1289.0	5079.0	4445.0	625.0	5354.0	9117.0	4688.0	4953.0	3574.0	362.0	1719.0	86988.8	1195820.0	1452537.45684	0.0
m103950/	472.0	1658.0	1351.0	229.0	1895.0	3817.0	2314.0	741.0	3439.0	1796.0	1916.0	789.0	2543.0	420.0	1219.0	1277.0	421.0	996.0	717.0	3607.0	995.0	3530.0	2960.0	348.0	2379.0	5824.0	3289.0	3267.0	2498.0	288.0	1356.0	58350.0	830198.0	1154618.41971	0.0
m103976/	624.0	2161.0	1758.0	271.0	2323.0	5371.0	3240.0	1050.0	5264.0	3252.0	2765.0	1402.0	4322.0	609.0	1787.0	1559.0	588.0	1269.0	1244.0	4851.0	1436.0	4966.0	4162.0	690.0	4273.0	8956.0	4892.0	5281.0	3951.0	341.0	1900.0	86556.6	1186531.0	1363076.89776	0.0
m104041/	654.0	2116.0	1843.0	349.0	2569.0	5148.0	3597.0	1018.0	4025.0	2444.0	2101.0	1067.0	3673.0	563.0	1517.0	1605.0	549.0	1370.0	927.0	4440.0	1321.0	4145.0	4325.0	620.0	3913.0	7544.0	4693.0	4284.0	2957.0	314.0	1666.0	77357.8	1107511.0	1294616.91841	0.0
m104044/	780.0	2523.0	2656.0	342.0	3120.0	5305.0	3360.0	1065.0	5467.0	2555.0	3011.0	1544.0	4168.0	741.0	1600.0	1935.0	681.0	1610.0	1545.0	4107.0	1302.0	4529.0	4394.0	733.0	4206.0	9010.0	4468.0	4601.0	3370.0	328.0	1973.0	87031.4	1189877.0	1118583.42564	0.0
m104158/	818.0	2358.0	1890.0	411.0	2418.0	5018.0	3326.0	1006.0	4086.0	2676.0	2937.0	1381.0	3623.0	683.0	1498.0	1706.0	616.0	1539.0	1446.0	4298.0	1207.0	4124.0	4344.0	756.0	4037.0	7877.0	4083.0	4622.0	3216.0	362.0	1759.0	80121.6	1094463.0	1109235.58626	0.0
m104179/	921.0	2697.0	1834.0	360.0	2450.0	5877.0	3633.0	1102.0	4358.0	2486.0	2838.0	1520.0	3929.0	484.0	1734.0	1742.0	557.0	1333.0	1325.0	5103.0	1294.0	4841.0	4328.0	838.0	3647.0	8201.0	5386.0	4659.0	3644.0	406.0	1888.0	85416.8	1225517.0	1608298.40494	0.0
m104191/	534.0	1943.0	1626.0	371.0	2481.0	5859.0	3816.0	972.0	4443.0	2442.0	2073.0	1344.0	4351.0	619.0	1797.0	1580.0	458.0	1404.0	899.0	3785.0	1328.0	4048.0	3937.0	517.0	4277.0	8014.0	4909.0	4544.0	3482.0	276.0	1781.0	79910.5	1051405.0	1011290.58223	0.0
m104208/	571.0	2475.0	1715.0	397.0	2437.0	5203.0	3324.0	1069.0	4229.0	2343.0	2336.0	1242.0	3372.0	578.0	1472.0	1698.0	570.0	1619.0	1050.0	4657.0	1276.0	4300.0	4400.0	550.0	3707.0	8471.0	5263.0	4732.0	4188.0	295.0	1998.0	81536.7	1161649.0	1141021.77573	0.0
m104220/	567.0	1844.0	1501.0	168.0	1808.0	4119.0	2147.0	660.0	4183.0	2043.0	2314.0	1060.0	3131.0	496.0	1128.0	1387.0	533.0	1166.0	1054.0	3268.0	874.0	3472.0	3182.0	563.0	2894.0	5758.0	3550.0	3623.0	2416.0	262.0	1369.0	62538.7	829665.0	1110969.76851	0.0
m104268/	554.0	2025.0	1512.0	349.0	2302.0	4899.0	3208.0	1007.0	4494.0	2326.0	2572.0	1090.0	3515.0	524.0	1385.0	1420.0	563.0	1575.0	940.0	3986.0	1068.0	4144.0	3769.0	521.0	3861.0	7946.0	4522.0	4595.0	3125.0	305.0	1678.0	75781.1	1007479.0	1307181.24511	0.0
m104322/	763.0	2557.0	1982.0	451.0	2758.0	5788.0	4024.0	984.0	4477.0	2205.0	2347.0	1260.0	4968.0	688.0	1622.0	1542.0	656.0	1450.0	1201.0	4410.0	1414.0	4566.0	4054.0	726.0	3834.0	8393.0	4930.0	4802.0	3656.0	350.0	1595.0	84450.5	1107386.0	987972.354281	0.0
m104360/	615.0	2456.0	2101.0	229.0	2055.0	4720.0	2795.0	974.0	4345.0	3038.0	2698.0	1263.0	3580.0	603.0	1517.0	1621.0	703.0	1376.0	1322.0	4105.0	1319.0	4578.0	3908.0	693.0	3814.0	7397.0	4424.0	4196.0	2908.0	369.0	1623.0	77347.7	1031106.0	1206386.34137	0.0
m104420/	386.0	1523.0	1224.0	197.0	1566.0	3796.0	1784.0	635.0	3018.0	1339.0	1847.0	645.0	2540.0	485.0	1132.0	1037.0	389.0	857.0	937.0	3391.0	839.0	3340.0	3020.0	240.0	2152.0	5205.0	3316.0	3134.0	2201.0	248.0	1328.0	53749.5	779833.0	985942.453737	0.0
m104422/	1117.0	2127.0	2320.0	470.0	2650.0	5450.0	3842.0	1012.0	4584.0	2894.0	2998.0	1503.0	4052.0	607.0	1666.0	1507.0	650.0	1336.0	1438.0	4540.0	1762.0	4522.0	5079.0	892.0	4994.0	8363.0	6060.0	5239.0	4635.0	437.0	1997.0	90740.8	1188100.0	1448890.30695	0.0
m104430/	559.0	1522.0	1659.0	292.0	2079.0	4889.0	3039.0	787.0	4149.0	2253.0	2450.0	1200.0	3655.0	535.0	1229.0	1157.0	466.0	991.0	1084.0	3638.0	1020.0	3572.0	2955.0	508.0	3110.0	6899.0	3404.0	3913.0	2593.0	287.0	1391.0	67282.0	902419.0	972302.680664	0.0
m104591/	818.0	2506.0	1869.0	291.0	2485.0	6042.0	3832.0	1360.0	4994.0	2619.0	2671.0	1284.0	5092.0	627.0	1749.0	1643.0	603.0	1614.0	1068.0	5102.0	1490.0	4753.0	4671.0	759.0	4854.0	10253.0	4488.0	5114.0	3743.0	349.0	1848.0	90590.5	1253972.0	1129050.9899	0.0
m104681/	753.0	2268.0	1671.0	410.0	2718.0	5648.0	3751.0	816.0	4240.0	2630.0	2622.0	1230.0	4639.0	595.0	1471.0	1334.0	537.0	1421.0	1182.0	4538.0	1173.0	4183.0	4227.0	600.0	4170.0	8762.0	4709.0	5004.0	3149.0	334.0	1582.0	82367.0	1099907.0	1468049.03365	0.0
m104697/	443.0	1792.0	1347.0	330.0	2322.0	4205.0	2421.0	747.0	4032.0	1723.0	2096.0	892.0	2833.0	551.0	1301.0	1271.0	444.0	910.0	758.0	4259.0	789.0	3939.0	2731.0	409.0	2507.0	5629.0	3329.0	3635.0	3316.0	321.0	1366.0	62649.2	955948.0	1293400.87387	0.0
m104882/	579.0	1794.0	1616.0	256.0	2095.0	4053.0	2768.0	916.0	4050.0	2023.0	2384.0	1088.0	3235.0	557.0	1437.0	1436.0	537.0	1174.0	1142.0	3715.0	1081.0	3549.0	3625.0	470.0	3401.0	7053.0	4086.0	4008.0	3670.0	370.0	1585.0	69753.3	896602.0	1251206.7557	0.0
m104965/	537.0	2253.0	1583.0	248.0	1913.0	4882.0	3117.0	994.0	4000.0	2375.0	2408.0	1100.0	4027.0	591.0	1335.0	1575.0	570.0	1403.0	1080.0	4243.0	1198.0	4159.0	3686.0	445.0	3649.0	7190.0	4137.0	3992.0	3151.0	327.0	1512.0	73680.2	959912.0	1199039.32271	0.0
m104966/	524.0	1236.0	1115.0	288.0	1552.0	2699.0	2012.0	1363.0	2911.0	2122.0	1114.0	1356.0	2612.0	455.0	1207.0	1087.0	600.0	927.0	474.0	2434.0	1016.0	3587.0	3246.0	460.0	3091.0	5907.0	2868.0	3337.0	1547.0	233.0	1397.0	54780.0	838032.0	1151107.2328	0.0
m104969/	604.0	2076.0	1828.0	231.0	2357.0	4457.0	2468.0	836.0	4316.0	1808.0	2381.0	917.0	3068.0	550.0	1127.0	1386.0	530.0	1110.0	1406.0	4076.0	1091.0	3972.0	3809.0	435.0	3399.0	7303.0	3665.0	4020.0	3381.0	306.0	1511.0	70423.7	1005537.0	1319958.9985	0.0
m105267/	809.0	2490.0	2218.0	351.0	2543.0	5093.0	3405.0	1062.0	4774.0	3065.0	2785.0	1378.0	4196.0	594.0	1692.0	2033.0	641.0	1628.0	1031.0	4622.0	1434.0	4668.0	4201.0	754.0	4383.0	9471.0	4676.0	5068.0	3752.0	371.0	1861.0	87058.6	1121985.0	1303060.25535	6.0
m105364/	472.0	1870.0	1852.0	266.0	1698.0	4471.0	2686.0	876.0	5327.0	2022.0	2822.0	1042.0	3323.0	640.0	1522.0	1007.0	406.0	969.0	1459.0	4100.0	1017.0	4583.0	3732.0	437.0	2977.0	6768.0	3588.0	4201.0	2738.0	281.0	1482.0	70634.7	1051058.0	1405623.31781	0.0
m105480/	702.0	2280.0	1562.0	167.0	1663.0	3879.0	2199.0	803.0	3438.0	1718.0	2124.0	922.0	3122.0	517.0	1496.0	1359.0	440.0	916.0	960.0	4639.0	1240.0	4369.0	3618.0	479.0	2781.0	6587.0	3650.0	3826.0	2996.0	323.0	1402.0	66176.7	890642.0	1092355.74634	0.0
m105551/	625.0	2346.0	1704.0	298.0	2194.0	5576.0	3046.0	880.0	3985.0	2270.0	2317.0	1139.0	4216.0	555.0	1416.0	1402.0	554.0	1145.0	909.0	5037.0	1193.0	4213.0	4254.0	571.0	3534.0	7516.0	5127.0	4602.0	3352.0	317.0	1672.0	77962.8	980637.0	951585.503041	0.0
m105553/	773.0	2612.0	1950.0	514.0	2817.0	6054.0	3293.0	936.0	5432.0	2555.0	3309.0	1407.0	4408.0	655.0	1394.0	1202.0	476.0	1211.0	1650.0	4879.0	1122.0	4597.0	4210.0	644.0	4065.0	8507.0	4288.0	5033.0	3122.0	298.0	1706.0	85120.3	1037321.0	1094768.66362	0.0
m105555/	485.0	1855.0	1547.0	366.0	2184.0	5510.0	3460.0	765.0	4181.0	2531.0	2336.0	1182.0	4272.0	563.0	1481.0	1450.0	587.0	1263.0	974.0	3611.0	857.0	3902.0	4039.0	725.0	3774.0	7541.0	4785.0	4901.0	3137.0	340.0	1530.0	76133.8	964738.0	1290125.43209	0.0
m105592/	518.0	1962.0	1536.0	272.0	1936.0	3904.0	3016.0	850.0	4485.0	2073.0	2062.0	1075.0	3447.0	484.0	1312.0	1129.0	397.0	955.0	1003.0	4635.0	980.0	3912.0	3927.0	452.0	3195.0	6056.0	3986.0	3869.0	3041.0	286.0	1521.0	68277.2	958240.0	1282205.8014	0.0
m105651/	565.0	1899.0	1806.0	156.0	1595.0	4038.0	2108.0	718.0	3898.0	1786.0	2681.0	798.0	2905.0	513.0	1277.0	1005.0	497.0	1067.0	1268.0	3358.0	971.0	3445.0	3077.0	435.0	3466.0	6925.0	3267.0	3768.0	2167.0	198.0	1269.0	62926.1	840549.0	981444.420929	0.0
m105713/	817.0	2548.0	1477.0	331.0	2113.0	5150.0	3305.0	987.0	4173.0	2312.0	2284.0	1064.0	4338.0	618.0	1645.0	1571.0	658.0	1443.0	701.0	4398.0	1180.0	5019.0	4440.0	596.0	4100.0	7988.0	4423.0	4291.0	3050.0	322.0	1584.0	78925.1	1108227.0	982084.541678	0.0
m105719/	491.0	1781.0	1676.0	239.0	2175.0	4442.0	2747.0	777.0	4240.0	1845.0	2385.0	986.0	3262.0	519.0	1525.0	1237.0	485.0	1256.0	1050.0	4698.0	1047.0	4080.0	3855.0	449.0	3124.0	6681.0	4173.0	3904.0	3074.0	340.0	1474.0	70015.0	989705.0	1305392.15142	0.0
m105721/	659.0	1771.0	1901.0	345.0	2306.0	5147.0	3058.0	856.0	4865.0	2823.0	2326.0	1302.0	3913.0	481.0	1575.0	1011.0	479.0	994.0	899.0	3827.0	1127.0	3739.0	3835.0	685.0	3883.0	7224.0	3514.0	3991.0	2540.0	266.0	1433.0	72776.9	1045301.0	1082881.69311	0.0
m105781/	813.0	2572.0	1960.0	319.0	2261.0	6356.0	3245.0	891.0	4887.0	2934.0	2614.0	1427.0	4242.0	601.0	1556.0	1596.0	532.0	1325.0	1333.0	4861.0	1164.0	4395.0	4425.0	677.0	3809.0	8380.0	5310.0	4491.0	3260.0	304.0	1749.0	84289.8	1126313.0	1337388.9193	0.0
m105841/	834.0	2827.0	1962.0	410.0	2530.0	6188.0	3410.0	1080.0	5250.0	2896.0	2958.0	1536.0	4464.0	716.0	2129.0	1704.0	623.0	1638.0	1315.0	4974.0	1589.0	5053.0	4543.0	748.0	3982.0	9460.0	4864.0	5397.0	3416.0	407.0	2169.0	91074.9	1264980.0	1106657.89229	0.0
m105847/	1273.0	2299.0	1961.0	562.0	2842.0	5923.0	3871.0	1191.0	5062.0	2763.0	3265.0	1499.0	4184.0	693.0	1837.0	1500.0	608.0	1675.0	1390.0	5982.0	1521.0	5057.0	4978.0	992.0	4141.0	8571.0	6333.0	4829.0	4452.0	398.0	2122.0	93771.0	1235015.0	1496384.56101	0.0
m105848/	532.0	1760.0	1734.0	314.0	2205.0	4512.0	2831.0	786.0	4345.0	2598.0	2250.0	989.0	3986.0	574.0	1701.0	1167.0	629.0	1109.0	904.0	4282.0	1037.0	4087.0	3789.0	487.0	3741.0	8522.0	4360.0	4409.0	3366.0	329.0	1954.0	75289.9	1023651.0	963819.309019	0.0
m105901/	622.0	1927.0	2094.0	395.0	2621.0	6546.0	3118.0	1155.0	5253.0	2765.0	2754.0	1234.0	4884.0	774.0	1468.0	1653.0	588.0	1433.0	1186.0	4225.0	1148.0	4134.0	4518.0	538.0	4171.0	8930.0	4606.0	4810.0	3501.0	357.0	2033.0	85438.9	1193841.0	1480495.52034	0.0
m105905/	610.0	2049.0	2011.0	283.0	2644.0	5201.0	2716.0	1034.0	4378.0	2640.0	2927.0	1270.0	3574.0	621.0	1512.0	1523.0	787.0	1638.0	1346.0	4272.0	1178.0	4956.0	4217.0	653.0	3790.0	7798.0	4520.0	4850.0	3346.0	377.0	1911.0	80631.0	1076551.0	1186580.50337	0.0
m105918/	718.0	1859.0	1407.0	284.0	1669.0	4024.0	2254.0	716.0	3773.0	2064.0	1824.0	1101.0	3183.0	454.0	1179.0	1649.0	566.0	1386.0	781.0	3268.0	872.0	4678.0	2211.0	689.0	3082.0	6267.0	2379.0	4393.0	2538.0	403.0	1635.0	63305.8	925362.0	949377.978455	0.0
m105935/	849.0	2112.0	1727.0	240.0	2058.0	5229.0	2897.0	1099.0	4463.0	2269.0	2508.0	1110.0	4219.0	615.0	1503.0	1574.0	509.0	1310.0	1012.0	4210.0	1247.0	4538.0	4274.0	656.0	4225.0	8328.0	4884.0	4520.0	3102.0	343.0	1792.0	79424.8	1066798.0	1325686.47427	0.0
m105952/	615.0	2124.0	1605.0	305.0	2332.0	4267.0	2398.0	886.0	4110.0	1995.0	2263.0	908.0	3052.0	515.0	1680.0	1345.0	589.0	1357.0	924.0	4062.0	1247.0	4231.0	3400.0	614.0	3330.0	7458.0	3597.0	4410.0	3164.0	331.0	1613.0	70724.8	1007095.0	1289913.41506	0.0
m105953/	673.0	2588.0	1630.0	307.0	2256.0	4678.0	2690.0	893.0	3895.0	1683.0	2059.0	1027.0	3092.0	498.0	1315.0	1380.0	471.0	1081.0	1064.0	3872.0	1272.0	4229.0	3204.0	451.0	3226.0	7688.0	4156.0	3664.0	2803.0	308.0	1553.0	69702.0	1063438.0	1473528.71189	0.0
m105999/	563.0	2018.0	1916.0	494.0	2379.0	5030.0	3511.0	1114.0	5620.0	2641.0	2744.0	1210.0	4320.0	642.0	1505.0	1621.0	592.0	1652.0	1200.0	3960.0	1040.0	4035.0	3963.0	507.0	3950.0	8717.0	4483.0	5057.0	3742.0	393.0	1978.0	82599.4	1145368.0	1089063.92739	0.0
m106075/	507.0	1887.0	1534.0	251.0	2231.0	4167.0	2407.0	751.0	4213.0	1862.0	2359.0	779.0	3444.0	493.0	1165.0	1613.0	506.0	1118.0	1143.0	3656.0	889.0	3810.0	3528.0	362.0	2798.0	5835.0	3852.0	4191.0	2792.0	368.0	1443.0	65954.4	895419.0	1144971.3308	0.0
m106148/	600.0	1883.0	1572.0	231.0	2044.0	4773.0	2717.0	926.0	4069.0	2114.0	2324.0	1075.0	3600.0	568.0	1357.0	1392.0	583.0	1159.0	1143.0	4002.0	1126.0	3968.0	3591.0	545.0	3175.0	7050.0	3988.0	4254.0	2946.0	293.0	1572.0	70639.1	920047.0	1249108.5715	0.0
m106149/	793.0	1820.0	1741.0	389.0	2223.0	4372.0	3152.0	942.0	4569.0	2497.0	3013.0	1313.0	3360.0	481.0	1109.0	1431.0	565.0	1203.0	1243.0	4097.0	985.0	3694.0	3579.0	717.0	2722.0	6088.0	4658.0	4139.0	2696.0	289.0	1616.0	71494.9	995370.0	1095096.15231	0.0
m106229/	677.0	2699.0	1735.0	349.0	2918.0	5824.0	3244.0	1052.0	5090.0	3193.0	2637.0	1410.0	3967.0	507.0	1625.0	1893.0	607.0	1823.0	1071.0	4719.0	1199.0	4683.0	4666.0	618.0	4066.0	7958.0	4761.0	4629.0	3401.0	306.0	1832.0	85160.0	1116836.0	1419497.07138	0.0
m106485/	448.0	1656.0	1434.0	196.0	1994.0	3650.0	1825.0	751.0	3903.0	1751.0	2293.0	817.0	2843.0	522.0	1185.0	1257.0	386.0	1064.0	1039.0	3399.0	841.0	3405.0	2973.0	383.0	2290.0	5610.0	3497.0	3460.0	2245.0	267.0	1425.0	58810.4	901891.0	1209966.53628	0.0
m106634/	655.0	2198.0	2381.0	345.0	2568.0	5653.0	2727.0	1156.0	5549.0	2483.0	3130.0	1182.0	4154.0	545.0	1518.0	1465.0	654.0	1547.0	1866.0	4135.0	1087.0	4474.0	4771.0	628.0	4329.0	8337.0	4678.0	4707.0	3428.0	382.0	1706.0	84437.1	1106013.0	1404081.32763	0.0
m106647/	718.0	2039.0	1682.0	340.0	2419.0	5094.0	2936.0	850.0	4686.0	2829.0	2278.0	1407.0	3799.0	588.0	1372.0	1715.0	674.0	1435.0	1084.0	4132.0	1114.0	4296.0	3898.0	724.0	3514.0	8244.0	4221.0	4317.0	3127.0	280.0	1593.0	77407.5	1026057.0	1242464.82605	0.0
m106662/	826.0	1850.0	1638.0	273.0	2464.0	4096.0	2687.0	954.0	3900.0	2357.0	2232.0	1042.0	3315.0	624.0	1282.0	1475.0	600.0	1423.0	980.0	3804.0	1302.0	3792.0	3553.0	568.0	3513.0	7389.0	4017.0	3924.0	3262.0	276.0	1584.0	71001.6	973629.0	1274289.20046	0.0
m106664/	735.0	2234.0	1772.0	325.0	2419.0	5282.0	3073.0	911.0	4124.0	2500.0	2665.0	1494.0	4143.0	628.0	1464.0	1294.0	605.0	1210.0	942.0	3688.0	1177.0	4187.0	4035.0	571.0	4012.0	7993.0	4895.0	4228.0	2673.0	275.0	1853.0	77405.9	1053195.0	1364451.59477	0.0
m106695/	456.0	1566.0	1894.0	224.0	1813.0	4127.0	2328.0	723.0	3982.0	2151.0	2530.0	1020.0	3129.0	570.0	1366.0	1314.0	509.0	1095.0	1205.0	3779.0	1013.0	3293.0	3334.0	380.0	2797.0	6446.0	4307.0	3648.0	2490.0	255.0	1659.0	65403.6	914644.0	963087.366542	0.0
m106740/	806.0	2987.0	2316.0	321.0	3084.0	6074.0	3677.0	1135.0	6306.0	3030.0	3563.0	1474.0	4588.0	700.0	1972.0	1647.0	686.0	1696.0	1739.0	4842.0	1293.0	5768.0	5192.0	745.0	4798.0	10076.0	5183.0	5329.0	3916.0	396.0	2011.0	97351.8	1371344.0	1267200.40909	0.0
m106910/	698.0	2305.0	1824.0	362.0	2443.0	4962.0	3046.0	972.0	4891.0	2480.0	3180.0	1162.0	4014.0	711.0	1707.0	1431.0	595.0	1271.0	1169.0	3846.0	1264.0	4641.0	4100.0	567.0	4168.0	8396.0	4258.0	4593.0	2963.0	347.0	1636.0	80002.5	1063706.0	1037180.94056	0.0
m107012/	558.0	2172.0	1540.0	257.0	2278.0	5798.0	2827.0	999.0	4284.0	2511.0	2517.0	1143.0	3973.0	548.0	1365.0	1385.0	509.0	1315.0	1142.0	3943.0	1117.0	4642.0	4277.0	503.0	3274.0	6779.0	4693.0	4355.0	3113.0	287.0	1677.0	75779.3	1045740.0	1303984.91706	0.0
m107026/	776.0	2442.0	2103.0	301.0	2615.0	6155.0	3414.0	1023.0	5676.0	2944.0	3455.0	1467.0	4467.0	679.0	1815.0	1858.0	655.0	1762.0	1387.0	5005.0	1517.0	5380.0	4337.0	696.0	4363.0	10128.0	5857.0	5293.0	3956.0	358.0	2112.0	93996.6	1301875.0	1399883.54873	0.0
m107177/	663.0	2351.0	2022.0	339.0	2516.0	5614.0	3482.0	1015.0	5376.0	2305.0	2798.0	1091.0	4583.0	552.0	2031.0	1402.0	583.0	1098.0	1082.0	4306.0	1203.0	4994.0	4499.0	626.0	3781.0	9024.0	4912.0	4691.0	3255.0	289.0	1616.0	84098.1	1099379.0	1166006.53505	0.0
m107217/	767.0	2431.0	1861.0	333.0	2450.0	5390.0	3700.0	1129.0	4578.0	2393.0	3071.0	1335.0	4270.0	597.0	1607.0	1586.0	655.0	1574.0	1112.0	4248.0	1404.0	4724.0	4719.0	792.0	4401.0	8848.0	4943.0	4998.0	3539.0	356.0	1839.0	85650.3	1146714.0	1329935.06101	0.0
m107271/	627.0	2056.0	1885.0	232.0	2326.0	4544.0	3194.0	1133.0	4290.0	2789.0	2723.0	1194.0	4177.0	617.0	1609.0	1937.0	736.0	1753.0	1172.0	4392.0	1398.0	4592.0	4464.0	616.0	3850.0	8769.0	5254.0	4824.0	3482.0	350.0	1981.0	82965.5	1108177.0	1162106.77415	0.0
m107296/	520.0	1700.0	1371.0	237.0	2095.0	4016.0	2600.0	1001.0	4353.0	1562.0	2371.0	838.0	3239.0	534.0	1343.0	1414.0	436.0	1256.0	1265.0	3850.0	1059.0	3899.0	3667.0	343.0	2851.0	7328.0	4396.0	3547.0	3193.0	307.0	1398.0	67990.1	933854.0	1237558.74041	0.0
m107301/	668.0	1577.0	1620.0	263.0	1882.0	4159.0	2516.0	740.0	3332.0	2204.0	2480.0	1026.0	3121.0	440.0	1223.0	1156.0	494.0	1097.0	916.0	3250.0	1087.0	3616.0	3260.0	466.0	3616.0	6562.0	3645.0	4035.0	2530.0	276.0	1409.0	64665.4	901809.0	1057423.22788	0.0
m107324/	625.0	1855.0	1614.0	369.0	2645.0	4635.0	3025.0	980.0	4370.0	2263.0	2274.0	1184.0	3484.0	546.0	1631.0	1333.0	596.0	1240.0	1015.0	4217.0	1291.0	3946.0	4012.0	585.0	3895.0	7616.0	4282.0	4199.0	3199.0	340.0	1793.0	75057.5	1008077.0	1250917.03437	0.0
m107386/	509.0	2050.0	1568.0	427.0	2380.0	5406.0	3957.0	974.0	4307.0	2442.0	2923.0	1173.0	4413.0	628.0	1585.0	1381.0	627.0	1395.0	978.0	3893.0	1295.0	4107.0	3829.0	614.0	4102.0	8280.0	4287.0	4258.0	3399.0	293.0	1827.0	79306.9	1118453.0	1154361.4238	0.0
m107411/	642.0	2107.0	2234.0	242.0	2555.0	5736.0	3842.0	1127.0	4972.0	3033.0	3448.0	1440.0	4482.0	616.0	1609.0	1824.0	736.0	1611.0	1564.0	4308.0	1353.0	4077.0	4997.0	636.0	3943.0	8575.0	5351.0	4782.0	3798.0	310.0	1632.0	87581.1	1100349.0	1432890.55754	0.0
m107449/	877.0	2198.0	2421.0	242.0	2641.0	4910.0	3769.0	1098.0	5290.0	2677.0	3292.0	1353.0	4840.0	751.0	1772.0	1575.0	616.0	1509.0	1681.0	4764.0	1562.0	5080.0	5099.0	747.0	4636.0	9327.0	5042.0	5265.0	4138.0	447.0	1860.0	91478.0	1215108.0	1426478.51003	0.0
m107938/	726.0	1698.0	1833.0	329.0	2143.0	5516.0	2936.0	902.0	4724.0	2822.0	2950.0	1371.0	3747.0	565.0	1469.0	1420.0	576.0	1664.0	1153.0	4485.0	1154.0	4433.0	4381.0	778.0	3786.0	7962.0	4472.0	4719.0	3135.0	327.0	1819.0	79993.9	1074601.0	1320755.25307	0.0
m107957/	873.0	2630.0	1935.0	297.0	2715.0	5485.0	3677.0	1137.0	4633.0	2992.0	3231.0	1280.0	4279.0	715.0	1626.0	1303.0	698.0	1580.0	1477.0	4868.0	1403.0	4968.0	4237.0	863.0	4860.0	9190.0	5236.0	5282.0	4274.0	408.0	1970.0	90121.8	1299955.0	1444073.18997	0.0
m107994/	735.0	2047.0	1916.0	330.0	2583.0	4599.0	2878.0	936.0	4519.0	2243.0	2224.0	983.0	3431.0	625.0	1649.0	1529.0	574.0	1259.0	1061.0	4816.0	1523.0	4574.0	4015.0	598.0	4234.0	8568.0	4532.0	3963.0	2975.0	284.0	1512.0	77717.7	1038735.0	1324499.7333	0.0
m108060/	619.0	2482.0	1908.0	361.0	2331.0	5269.0	3277.0	1350.0	5265.0	2220.0	2598.0	989.0	4160.0	575.0	1625.0	1421.0	585.0	1306.0	1106.0	4100.0	1121.0	4121.0	3784.0	443.0	3548.0	8483.0	4338.0	4226.0	2877.0	326.0	1685.0	78496.7	1064404.0	1205819.84579	0.0
m108324/	622.0	2715.0	2152.0	432.0	2419.0	5035.0	3382.0	1016.0	4150.0	2502.0	2656.0	1349.0	3445.0	600.0	1625.0	1497.0	507.0	1246.0	1070.0	4431.0	1319.0	4559.0	4794.0	766.0	3966.0	8807.0	5092.0	4406.0	3480.0	323.0	1688.0	82053.5	1087765.0	971182.615475	0.0
m108326/	777.0	1796.0	1906.0	337.0	2862.0	5219.0	3575.0	1125.0	5256.0	3045.0	2113.0	1360.0	3974.0	551.0	1312.0	1526.0	614.0	1698.0	1184.0	4031.0	1397.0	4347.0	4646.0	630.0	4606.0	7986.0	4411.0	5165.0	3336.0	461.0	1688.0	82932.1	1130400.0	1160568.57112	0.0
m108385/	509.0	1530.0	1615.0	280.0	2324.0	5114.0	3213.0	849.0	3693.0	2484.0	2257.0	1204.0	3562.0	598.0	1250.0	1387.0	552.0	1246.0	794.0	3830.0	1005.0	3621.0	4385.0	664.0	3819.0	6749.0	4340.0	4414.0	3039.0	308.0	1750.0	72385.4	1009635.0	1165294.15208	0.0
m108555/	631.0	2184.0	2127.0	321.0	2563.0	5141.0	3998.0	1295.0	4979.0	2437.0	2931.0	1294.0	5005.0	654.0	1652.0	1828.0	552.0	1791.0	1190.0	5144.0	1346.0	4716.0	4878.0	620.0	4445.0	9231.0	4710.0	5239.0	3621.0	415.0	1888.0	88822.1	1129446.0	1058801.67134	0.0
m108581/	664.0	2302.0	1801.0	297.0	2476.0	5292.0	3185.0	951.0	4651.0	2657.0	2403.0	1146.0	4266.0	527.0	1329.0	1483.0	519.0	1353.0	1123.0	4381.0	1249.0	4361.0	3804.0	790.0	4057.0	8222.0	4416.0	5068.0	3795.0	379.0	1777.0	80723.4	1119929.0	1106018.63327	0.0
m108583/	903.0	2199.0	1806.0	409.0	2809.0	5017.0	3732.0	861.0	5405.0	2822.0	2447.0	1386.0	4401.0	557.0	1302.0	2170.0	569.0	1366.0	997.0	3700.0	1434.0	4312.0	3609.0	882.0	3536.0	7969.0	4636.0	4630.0	3066.0	331.0	1720.0	80980.1	1055591.0	1035316.57758	0.0
m108597/	667.0	2439.0	1821.0	373.0	2636.0	4655.0	3160.0	893.0	4915.0	2364.0	2580.0	1233.0	3635.0	475.0	1408.0	1899.0	619.0	1325.0	1380.0	4125.0	1163.0	4868.0	4223.0	530.0	4126.0	8722.0	4895.0	4506.0	3720.0	359.0	1580.0	81293.0	1046237.0	1391210.17114	0.0
m108839/	633.0	2246.0	1638.0	216.0	2245.0	5215.0	2760.0	1172.0	4357.0	2590.0	2651.0	1207.0	3723.0	577.0	1355.0	1811.0	563.0	1537.0	1041.0	4212.0	1136.0	4228.0	4276.0	663.0	3937.0	7772.0	5074.0	4241.0	3150.0	341.0	1712.0	78280.0	1058694.0	1083536.21816	0.0
m108879/	652.0	1968.0	1963.0	291.0	1807.0	4773.0	2347.0	739.0	4351.0	2364.0	2671.0	1191.0	3675.0	534.0	1416.0	1311.0	591.0	1477.0	1167.0	3812.0	1136.0	3630.0	3920.0	534.0	4594.0	7429.0	4316.0	4131.0	3036.0	303.0	1819.0	73948.5	993947.0	937755.934976	0.0
m108912/	795.0	1953.0	1733.0	286.0	2089.0	5299.0	3083.0	942.0	4559.0	2853.0	2919.0	1199.0	4044.0	560.0	1366.0	1175.0	714.0	1301.0	1339.0	4069.0	1143.0	4732.0	3752.0	720.0	3818.0	8711.0	4236.0	4300.0	2859.0	296.0	1871.0	78715.5	1066245.0	1037030.74423	0.0
m109319/	585.0	1809.0	1483.0	248.0	1939.0	3672.0	2382.0	890.0	3483.0	1579.0	2401.0	901.0	3082.0	504.0	1421.0	1235.0	448.0	1167.0	979.0	3935.0	1112.0	3827.0	3095.0	422.0	3268.0	6609.0	3680.0	3499.0	2651.0	279.0	1534.0	64119.6	939433.0	1323618.44142	0.0
m109502/	893.0	2131.0	1877.0	422.0	2265.0	5546.0	3516.0	1084.0	5232.0	3028.0	2941.0	1427.0	4240.0	606.0	1703.0	1663.0	657.0	1767.0	1368.0	3932.0	1124.0	3927.0	4517.0	919.0	3844.0	8133.0	4294.0	4196.0	2784.0	302.0	2015.0	82354.8	1172830.0	974744.962988	0.0
m109785/	566.0	1767.0	1593.0	325.0	2530.0	4026.0	2351.0	879.0	5114.0	2628.0	1978.0	1214.0	3829.0	646.0	1488.0	1684.0	672.0	1449.0	806.0	4470.0	1174.0	4033.0	3565.0	457.0	3959.0	8288.0	3356.0	5174.0	3864.0	384.0	1906.0	76174.7	998442.0	1399518.01678	0.0
m109854/	461.0	1474.0	1124.0	185.0	1612.0	3051.0	1948.0	745.0	2803.0	1667.0	1851.0	938.0	2549.0	471.0	1013.0	959.0	423.0	795.0	753.0	3199.0	835.0	3119.0	2548.0	388.0	2236.0	5034.0	3136.0	3356.0	2062.0	321.0	1473.0	52528.7	783371.0	1111641.23112	0.0
