lh.aparc.DKTatlas.thickness	lh_caudalanteriorcingulate_thickness	lh_caudalmiddlefrontal_thickness	lh_cuneus_thickness	lh_entorhinal_thickness	lh_fusiform_thickness	lh_inferiorparietal_thickness	lh_inferiortemporal_thickness	lh_isthmuscingulate_thickness	lh_lateraloccipital_thickness	lh_lateralorbitofrontal_thickness	lh_lingual_thickness	lh_medialorbitofrontal_thickness	lh_middletemporal_thickness	lh_parahippocampal_thickness	lh_paracentral_thickness	lh_parsopercularis_thickness	lh_parsorbitalis_thickness	lh_parstriangularis_thickness	lh_pericalcarine_thickness	lh_postcentral_thickness	lh_posteriorcingulate_thickness	lh_precentral_thickness	lh_precuneus_thickness	lh_rostralanteriorcingulate_thickness	lh_rostralmiddlefrontal_thickness	lh_superiorfrontal_thickness	lh_superiorparietal_thickness	lh_superiortemporal_thickness	lh_supramarginal_thickness	lh_transversetemporal_thickness	lh_insula_thickness	lh_MeanThickness_thickness	BrainSegVolNotVent	eTIV
m000206/	3.339	3.187	2.444	3.633	3.321	3.092	3.466	2.96	2.687	3.454	2.67	3.636	3.351	3.359	3.168	3.105	3.062	3.034	1.963	2.511	2.889	2.974	2.923	3.325	3.266	3.379	2.748	3.482	3.112	3.041	3.766	3.10762	1158447.0	1064809.56792
m000212/	3.309	3.088	2.529	3.69	3.296	2.973	3.291	2.871	2.589	3.434	2.74	3.049	3.217	3.421	2.922	3.045	3.087	3.047	2.276	2.454	2.856	2.757	2.832	3.657	3.024	3.355	2.561	3.271	3.115	2.982	3.538	2.99197	1039261.0	1240636.52724
m000234/	3.313	3.018	2.325	3.83	3.13	3.063	3.309	2.713	2.563	3.463	2.665	3.309	3.183	3.002	3.1	2.989	3.223	2.964	1.832	2.532	3.168	2.706	3.017	3.097	3.186	3.332	2.615	3.257	2.935	2.465	3.57	2.98471	1269438.0	1166056.95366
m000270/	2.921	2.746	2.155	3.374	3.05	2.642	3.018	2.571	2.328	3.375	2.459	2.972	2.968	2.634	2.617	2.751	2.935	2.667	1.818	2.266	2.959	2.67	2.637	2.946	2.633	3.014	2.258	2.907	2.847	2.444	3.478	2.72237	1097004.0	1058075.34852
m000320/	3.041	2.924	2.302	3.411	3.036	2.975	3.169	2.558	2.566	3.144	2.505	3.057	3.05	2.745	2.796	2.94	2.787	2.781	1.949	2.457	2.79	2.699	2.821	3.355	2.86	3.12	2.5	2.913	2.886	2.737	3.464	2.85013	1203905.0	1465340.74196
m000348/	3.219	3.224	2.352	3.383	3.12	3.031	3.25	2.702	2.688	3.661	2.69	3.568	3.105	2.867	2.84	3.291	3.26	2.897	2.208	2.68	2.889	2.965	3.069	3.546	3.164	3.454	2.752	3.126	3.206	2.631	3.739	3.05205	1047960.0	1321150.75009
m000389/	3.51	3.091	2.641	3.69	3.348	3.26	3.452	2.727	2.867	3.52	2.965	3.395	3.337	2.795	3.166	3.145	3.077	3.267	2.367	2.622	3.028	2.99	3.066	3.346	3.155	3.617	2.891	3.344	3.18	3.236	3.715	3.16703	1199622.0	1155217.59655
m000392/	3.348	2.978	2.443	3.756	3.122	3.107	3.169	2.674	2.687	3.317	2.513	3.349	3.291	2.931	3.215	3.043	3.216	2.899	2.308	2.459	2.912	2.938	3.016	3.487	3.1	3.337	2.749	3.264	2.984	3.139	3.622	3.01565	1096915.0	982293.278862
m000394/	2.963	2.857	2.435	3.369	3.079	2.877	3.598	2.868	2.667	3.489	2.692	3.4	3.24	2.798	2.79	2.888	3.182	2.87	1.908	2.4	2.873	2.72	3.031	3.553	2.768	3.224	2.55	2.97	2.926	2.706	3.687	2.93277	1139721.0	1506314.77959
m000430/	2.925	2.852	2.038	3.789	2.98	2.859	3.194	3.012	2.545	3.298	2.416	3.122	2.947	2.941	2.847	2.852	2.748	2.746	1.849	2.279	2.764	2.702	2.69	3.212	2.894	3.087	2.519	3.05	2.987	2.626	3.448	2.81811	1098569.0	1074485.73361
m077677/	3.27	2.82	2.487	3.153	3.143	3.081	3.341	2.686	2.732	3.374	2.585	3.442	3.125	2.523	2.931	3.143	3.204	2.985	2.007	2.421	2.631	2.67	2.831	3.106	3.024	3.205	2.647	3.169	3.104	2.678	3.907	2.96131	1038404.0	1264671.47097
m077764/	3.068	2.888	2.666	2.679	3.287	3.16	3.705	2.641	2.798	3.678	2.832	3.728	3.27	2.578	2.943	3.222	3.332	2.996	2.154	2.502	3.148	2.75	2.987	3.399	3.102	3.328	2.68	3.167	2.973	3.168	3.731	3.0547	893383.0	1223196.65883
m077780/	3.356	2.853	2.345	3.021	3.2	2.945	3.31	2.64	2.418	3.164	2.567	3.213	3.131	2.415	2.727	3.113	2.978	2.782	1.918	2.432	2.842	2.808	2.922	3.036	2.9	3.179	2.636	3.174	3.133	2.472	3.799	2.90977	1115492.0	1357381.1845
m078098/	3.623	3.033	2.562	3.778	3.104	2.848	3.404	3.005	2.584	3.572	2.673	3.298	3.125	3.348	2.946	2.861	3.287	2.889	2.031	2.388	2.937	2.907	2.86	3.523	3.036	3.382	2.614	3.126	2.886	2.892	3.661	2.97273	929788.0	1160881.19664
m078271/	3.351	2.97	2.886	2.713	3.241	3.244	3.395	2.788	2.668	3.479	2.69	3.748	3.355	2.197	2.891	3.137	3.067	2.891	2.381	2.526	2.943	2.756	2.931	3.235	3.012	3.404	2.933	3.165	3.078	3.089	3.733	3.02298	1000332.0	1296583.11287
m078681/	3.673	3.127	2.597	3.572	3.35	3.073	3.499	3.012	2.867	3.474	2.724	3.566	3.108	3.298	3.167	3.059	3.281	2.974	2.179	2.524	3.018	2.957	3.026	3.324	3.253	3.449	2.792	3.311	3.183	2.834	3.712	3.09766	964151.0	1146539.14313
m078683/	3.493	3.178	2.612	3.746	3.254	3.048	3.309	2.884	2.941	3.633	2.734	3.414	3.222	3.266	3.13	3.162	3.142	3.197	2.154	2.661	2.945	2.973	2.951	3.324	3.188	3.446	2.76	3.213	3.079	2.624	3.718	3.09703	994696.0	1083967.59144
m078685/	3.331	2.992	2.327	2.979	3.091	2.953	3.25	2.862	2.615	3.421	2.476	3.173	3.111	2.559	2.861	3.15	2.958	2.844	1.906	2.384	3.066	2.696	2.933	3.084	3.054	3.175	2.642	3.119	3.044	2.628	3.543	2.92488	1130721.0	1102939.44968
m079271/	3.089	2.832	2.413	3.853	3.011	2.768	3.369	2.489	2.516	3.529	2.319	3.624	3.128	2.662	2.533	2.725	3.072	2.688	2.061	2.24	2.659	2.591	2.594	3.427	2.843	3.09	2.35	3.221	2.745	2.5	3.712	2.82025	751081.0	1377684.8205
m080832/	3.176	2.895	2.325	2.959	3.286	3.024	3.198	2.61	2.687	3.644	2.682	3.234	3.1	3.17	2.922	3.09	3.013	2.822	2.059	2.418	3.028	2.791	2.749	3.338	3.01	3.362	2.627	2.989	2.851	2.828	3.555	2.93573	981678.0	913558.835215
m080852/	3.506	2.957	2.25	3.428	3.155	2.884	3.588	2.692	2.595	3.603	2.495	3.597	3.344	2.536	2.932	3.496	3.429	3.174	2.075	2.37	2.997	2.835	2.942	4.079	3.215	3.529	2.787	3.14	3.256	2.718	3.797	3.04891	831310.0	1066391.16706
m080853/	3.327	3.079	2.6	3.81	3.311	3.213	3.552	3.088	2.724	3.666	2.74	3.438	3.34	3.088	2.877	3.082	3.467	2.897	2.078	2.456	3.083	2.843	3.163	3.897	3.092	3.345	2.792	3.225	3.116	2.854	3.641	3.08397	936585.0	1058016.64185
m080858/	3.437	3.059	2.473	3.524	3.183	2.941	3.494	2.819	2.674	3.551	2.599	3.607	3.213	2.763	2.775	3.087	3.045	3.112	1.927	2.428	2.951	2.845	2.857	3.375	3.137	3.26	2.57	3.303	2.964	2.827	3.572	2.99166	1037161.0	1256941.12641
m080859/	3.372	2.836	2.261	3.051	2.851	2.91	3.48	2.621	2.653	3.544	2.49	3.922	3.127	2.643	2.556	2.876	3.148	2.734	2.0	2.161	2.84	2.596	2.849	3.992	3.007	3.196	2.532	2.973	2.779	2.505	3.427	2.85071	820711.0	1087560.01609
m080907/	3.447	3.24	2.863	3.597	3.234	3.327	3.292	2.633	2.788	3.552	2.831	3.334	3.565	2.801	3.028	3.653	3.561	3.252	2.318	2.595	3.159	2.897	3.184	3.68	3.387	3.598	2.863	3.305	3.294	2.741	3.506	3.18264	1003600.0	1230396.32355
m080917/	3.156	2.958	2.3	2.939	3.027	3.006	3.186	2.755	2.646	3.295	2.484	3.289	3.205	2.765	2.677	2.597	2.972	2.913	1.963	2.433	2.983	2.738	2.799	3.208	2.861	3.151	2.6	3.107	2.916	3.028	3.721	2.89354	1053811.0	1300903.59127
m080943/	2.91	3.007	2.572	3.538	3.301	3.19	3.637	3.005	2.758	3.718	2.608	3.72	3.451	2.79	3.141	3.005	3.461	3.084	1.897	2.543	2.786	2.755	3.065	3.339	3.276	3.53	2.787	3.224	3.259	3.182	3.567	3.10797	861212.0	1102017.84606
m080946/	2.848	2.816	2.574	3.313	3.146	2.948	3.389	2.572	2.543	3.441	2.71	3.282	3.052	2.698	2.935	2.855	3.134	2.673	2.289	2.434	2.675	2.757	2.791	3.192	2.822	3.207	2.559	3.278	2.954	2.925	3.522	2.90867	1085545.0	1136180.88405
m080947/	3.25	2.991	2.991	3.661	3.222	3.132	3.414	3.007	2.747	3.705	2.713	3.519	3.247	2.771	3.015	3.129	2.976	3.166	2.382	2.615	3.109	2.794	2.969	3.428	2.971	3.403	2.761	3.109	3.005	2.741	3.515	3.05088	1077539.0	1082411.10515
m080966/	3.186	2.85	2.347	3.356	3.228	2.867	3.338	2.526	2.628	3.377	2.472	3.073	3.24	3.651	2.922	2.73	2.747	2.649	2.168	2.347	2.682	2.819	2.741	3.133	2.621	3.1	2.54	3.164	2.844	2.857	3.243	2.87914	1064076.0	1225089.31292
m082058/	3.16	2.967	2.12	2.933	3.005	2.817	3.166	2.608	2.325	3.267	2.183	3.088	3.094	2.937	2.861	2.899	2.824	2.974	1.813	2.411	2.788	2.813	2.716	3.388	2.85	3.118	2.47	3.209	2.863	2.935	3.519	2.81517	1137514.0	1438156.25984
m082060/	3.313	3.107	2.616	3.238	3.138	2.939	3.516	2.69	2.85	3.615	2.843	4.153	3.469	2.916	3.139	3.057	3.362	3.129	2.133	2.605	3.219	2.905	3.128	4.057	3.205	3.454	2.769	3.15	3.198	2.773	3.334	3.09963	1042651.0	1131139.07058
m082087/	2.789	2.75	2.066	3.034	2.971	2.791	3.176	2.525	2.468	3.123	2.207	3.234	2.92	2.499	2.73	2.592	2.817	2.626	1.869	2.181	2.704	2.611	2.56	2.91	2.731	3.094	2.335	3.054	2.689	2.325	3.215	2.72242	912599.0	930645.865926
m082121/	2.775	2.945	2.272	3.453	3.1	2.86	3.065	2.614	2.468	3.101	2.397	3.475	2.92	2.927	2.72	2.808	2.782	2.595	2.054	2.358	2.855	2.673	2.685	3.269	3.001	3.195	2.607	2.98	2.96	2.351	3.33	2.81626	769743.0	870869.781527
m082128/	3.223	2.937	2.776	3.06	2.873	2.946	3.173	2.987	2.59	3.375	2.603	3.608	3.029	2.477	3.066	2.835	2.906	2.796	2.306	2.472	2.829	2.701	3.003	3.598	2.958	3.301	2.621	2.923	2.829	2.587	3.478	2.91312	916450.0	1145426.52381
m082139/	2.549	3.093	2.398	2.368	3.047	3.182	3.183	3.302	2.598	3.802	2.584	3.917	3.397	2.444	2.817	2.836	3.256	2.965	2.203	2.381	2.918	2.655	2.965	3.651	3.432	3.248	2.681	2.948	3.02	2.618	3.539	2.9563	765373.0	1020693.79234
m082160/	3.073	3.168	2.412	3.628	3.169	2.893	3.366	2.488	2.453	3.104	2.806	3.273	3.089	2.891	2.88	3.113	3.073	3.127	1.885	2.378	2.845	2.851	2.879	3.137	3.005	3.25	2.605	3.098	2.962	2.604	3.608	2.94622	1297994.0	1268663.55576
m083010/	3.449	3.225	2.855	3.42	3.301	3.209	3.27	2.871	2.965	3.711	2.79	3.607	3.393	3.285	3.273	3.082	3.353	3.251	2.473	2.624	3.191	2.905	3.292	3.922	3.243	3.771	2.876	3.268	3.108	2.816	3.642	3.19102	991817.0	1152062.93851
m084479/	3.488	3.244	2.753	4.021	3.439	3.294	3.42	2.84	3.096	3.587	3.337	3.241	3.319	3.295	3.205	3.041	3.552	3.267	2.357	2.811	2.931	3.158	3.393	3.925	3.423	3.7	3.047	3.28	3.122	3.144	3.753	3.26424	1143471.0	1093705.018
m084636/	3.008	2.909	2.301	3.893	3.087	3.145	3.411	2.569	2.667	3.395	2.532	3.508	3.102	2.877	2.536	3.046	2.936	2.866	1.942	2.41	3.078	2.762	2.769	3.744	2.857	3.148	2.611	3.16	2.975	2.664	3.672	2.92317	1068697.0	1395627.71542
m085054/	3.583	3.176	2.654	4.378	3.244	3.304	3.576	3.113	2.847	3.696	2.73	3.54	3.474	2.938	2.584	3.274	3.271	3.11	2.608	2.586	2.89	2.84	3.158	4.067	3.266	3.605	2.87	3.384	3.12	2.894	4.027	3.18928	1118061.0	1198771.75934
m085212/	3.802	3.002	2.816	3.74	3.246	3.276	3.669	2.972	2.688	3.588	2.923	3.736	3.392	2.857	3.107	3.21	3.782	3.052	2.457	2.563	3.217	2.994	2.995	3.852	3.259	3.486	2.763	3.318	3.025	2.993	3.89	3.14772	1064231.0	1285032.03333
m085448/	3.091	2.977	2.386	3.118	2.861	2.821	3.215	2.57	2.453	3.293	2.535	3.11	3.171	2.453	2.725	2.826	3.272	2.873	1.932	2.287	2.895	2.713	2.721	3.338	2.889	3.297	2.493	3.046	2.926	2.492	3.433	2.84962	1128305.0	1140520.40471
m085819/	3.348	3.194	2.322	3.805	3.194	3.104	3.364	3.016	2.632	3.426	2.501	3.356	3.397	3.11	2.953	3.026	3.206	3.004	1.918	2.613	3.304	2.922	2.908	3.303	2.997	3.391	2.621	3.308	2.971	2.814	3.647	3.03436	1204870.0	1403865.41985
m086084/	3.759	3.255	2.891	4.136	3.288	3.444	3.346	2.984	2.774	3.996	2.678	4.334	3.484	2.829	3.258	3.213	3.358	3.155	2.349	2.901	3.092	3.12	3.423	3.821	3.372	3.686	3.109	3.523	3.344	3.524	3.771	3.29467	894246.0	1052536.91367
m086490/	3.111	2.73	2.321	3.635	2.966	2.817	3.106	2.657	2.541	3.131	2.439	3.113	3.031	2.645	2.675	2.773	2.766	2.791	1.967	2.29	2.93	2.641	2.548	3.379	2.823	3.159	2.474	2.902	2.778	2.692	3.42	2.78186	938718.0	1206113.62001
m086510/	2.992	3.134	2.711	2.664	3.418	3.484	3.72	2.57	3.16	3.713	2.862	3.911	3.564	2.455	3.206	2.93	3.462	3.1	2.327	2.583	2.961	2.792	3.237	4.155	3.521	3.481	3.117	3.339	3.171	2.934	3.501	3.19825	722592.0	890317.627596
m087092/	3.13	3.017	2.549	3.156	3.195	3.063	3.533	2.896	2.758	3.41	2.509	3.754	3.253	3.075	2.764	2.907	2.978	2.99	2.166	2.498	2.599	2.849	2.916	3.661	2.883	3.321	2.794	3.248	3.172	3.095	3.544	3.00765	964688.0	1238995.2488
m087096/	3.387	2.945	2.354	3.148	2.946	2.832	3.198	2.83	2.514	3.257	2.466	3.094	3.103	2.514	2.991	2.93	3.112	2.776	2.388	2.498	2.991	2.789	2.877	3.233	2.894	3.261	2.605	3.153	2.844	2.739	3.396	2.89976	1122778.0	1372319.49703
m087127/	3.23	3.112	2.901	4.192	3.333	3.064	3.44	2.781	2.943	3.451	2.646	3.503	3.361	3.26	3.099	2.964	3.027	3.097	2.317	2.564	3.079	2.849	2.96	3.602	3.24	3.474	2.848	3.243	3.076	2.725	3.589	3.11562	1107151.0	1004900.78688
m087234/	3.904	3.047	2.685	3.555	3.347	3.22	3.549	2.893	2.95	3.781	2.795	3.478	3.448	2.848	3.459	3.195	3.407	3.234	2.012	2.823	2.968	3.065	3.068	3.75	3.212	3.706	2.923	3.311	3.175	3.075	3.826	3.22981	1079016.0	1208574.52662
m087308/	3.167	2.964	2.363	3.542	3.194	3.146	3.379	2.694	2.738	3.71	2.761	3.924	3.475	2.756	2.843	2.914	3.146	3.409	2.156	2.383	2.947	2.74	3.145	3.912	3.307	3.471	2.843	3.394	3.148	2.933	3.652	3.0857	891907.0	1077139.01966
m088200/	2.969	2.881	2.406	3.906	3.072	2.864	3.437	2.839	2.662	3.474	2.544	3.809	3.218	3.296	2.861	2.806	2.918	2.771	2.051	2.308	2.941	2.587	2.738	3.892	2.891	3.251	2.453	3.094	2.832	2.784	3.606	2.89339	915868.0	1260372.96665
m088203/	3.546	2.971	2.58	4.076	3.371	3.069	3.407	2.555	2.81	3.466	2.783	3.135	3.314	3.276	3.05	3.122	3.158	3.124	2.137	2.373	2.884	2.914	2.994	3.35	3.149	3.423	2.764	3.296	3.15	2.677	3.594	3.07071	1159425.0	1193403.3618
m090950/	3.402	3.112	2.513	3.913	3.041	2.928	2.979	2.755	2.767	3.686	2.568	3.836	3.117	2.874	2.832	2.866	3.083	3.287	2.327	2.548	2.591	2.823	2.978	4.268	3.353	3.672	2.792	3.103	2.981	2.877	3.422	3.00734	732130.0	1012871.86963
m091383/	2.798	2.744	2.559	3.635	2.954	2.962	3.053	2.593	2.494	3.102	2.618	3.045	3.025	2.48	2.821	2.705	3.241	2.618	2.196	2.47	2.778	2.742	2.778	3.066	2.737	3.019	2.6	2.926	3.064	3.012	3.497	2.82699	1083522.0	1269952.91201
m091814/	3.682	3.213	2.603	3.144	3.087	3.202	3.549	2.922	2.963	3.543	2.579	3.726	3.265	3.275	3.18	3.06	3.369	3.004	2.269	2.576	3.038	2.884	3.052	3.507	3.078	3.586	2.828	3.11	3.151	2.79	3.862	3.1159	1063942.0	1318749.06857
m091825/	3.129	3.192	2.575	2.97	3.103	3.019	3.415	2.719	2.881	3.387	2.502	3.404	3.321	2.388	2.923	3.04	3.176	2.948	2.105	2.505	2.917	2.707	2.969	3.385	3.091	3.241	2.631	3.199	3.135	2.72	3.696	3.00628	1106637.0	1390324.71683
m091826/	3.037	2.64	2.403	3.051	3.005	2.794	3.183	2.482	2.504	3.462	2.587	3.371	3.258	2.35	2.509	2.639	3.074	2.84	2.071	2.15	2.363	2.536	2.661	3.359	2.924	3.213	2.521	2.916	2.913	2.611	3.53	2.80993	932858.0	1263645.44405
m091835/	3.03	2.6	2.396	3.987	2.999	2.887	3.246	2.853	2.544	3.632	2.488	3.126	3.14	2.866	2.593	2.946	3.02	2.752	1.873	2.896	2.912	2.435	2.748	3.485	3.133	3.34	2.645	3.167	3.184	2.803	3.56	2.93989	1028393.0	1165207.07628
m091942/	3.668	3.089	2.377	3.903	3.206	2.88	3.18	2.901	2.504	3.434	2.577	3.312	3.313	2.848	2.845	2.972	2.904	2.898	1.963	2.575	3.045	2.875	2.896	3.488	3.032	3.25	2.644	3.231	3.03	2.768	3.593	2.97252	1088593.0	1124028.97488
m092150/	3.311	2.963	1.997	3.3	3.188	3.04	3.297	3.255	2.705	3.123	2.484	3.07	3.33	2.69	2.904	3.162	2.73	2.734	1.65	2.413	3.243	2.757	2.968	3.41	2.857	3.263	2.605	3.172	3.03	2.788	3.56	2.94769	1242215.0	1526063.86017
m092652/	3.329	2.996	2.521	3.353	3.166	3.046	3.504	2.988	2.761	3.62	2.759	3.44	3.307	2.337	3.064	3.047	3.119	2.879	2.224	2.635	2.744	2.922	2.912	3.873	3.066	3.392	2.872	3.052	3.175	3.234	3.623	3.05251	928337.0	1152963.93924
m093097/	3.109	2.804	2.094	2.674	3.072	2.982	2.981	2.563	2.584	3.123	2.508	3.04	3.01	2.83	2.877	2.428	2.852	2.936	1.572	2.422	2.77	2.612	2.651	3.448	3.255	3.371	2.59	2.782	2.882	2.524	3.396	2.82819	1243772.0	1178508.31992
m093215/	3.438	3.169	2.474	4.288	3.241	3.068	3.611	2.866	2.597	3.45	2.748	3.108	3.401	3.17	3.007	2.913	3.129	3.006	2.183	2.505	2.968	3.005	2.947	3.472	2.989	3.364	2.754	3.394	3.133	2.868	3.673	3.06957	1179975.0	1370318.60371
m093510/	3.218	2.873	2.496	3.066	3.137	2.879	3.502	2.598	2.677	3.193	2.721	3.45	3.033	2.781	2.813	2.809	2.953	2.974	2.225	2.537	2.91	2.743	2.891	3.416	2.859	3.233	2.581	2.908	2.913	2.87	3.484	2.91363	968282.0	985351.655316
m093798/	2.874	3.038	2.483	3.366	2.948	3.035	3.325	2.765	2.659	3.401	2.593	3.182	3.17	2.645	2.94	2.836	3.498	2.9	2.2	2.516	2.982	2.707	2.985	3.327	3.174	3.316	2.812	3.244	3.059	2.913	3.557	2.98629	1073105.0	1177003.30405
m094074/	3.53	3.007	2.591	3.398	3.091	2.997	3.345	2.734	2.705	3.469	2.448	3.46	3.191	2.665	2.889	3.082	3.05	3.158	1.933	2.438	3.103	2.885	2.823	3.093	3.135	3.245	2.659	3.216	3.151	2.788	3.48	2.98174	1274119.0	1235468.77356
m094095/	3.284	2.937	2.627	3.484	3.19	3.151	3.312	2.965	2.689	3.563	2.637	3.449	3.399	2.793	2.915	2.917	3.371	3.078	2.087	2.359	3.151	2.672	2.977	3.452	3.185	3.438	2.595	3.136	2.97	2.652	3.583	2.99868	1014202.0	1309083.67145
m094128/	3.309	3.149	3.105	3.364	3.416	3.34	3.524	2.618	2.853	3.713	2.791	3.89	3.539	3.112	3.048	3.628	3.428	3.521	2.154	2.774	3.074	2.873	3.273	3.734	3.446	3.737	3.041	3.399	3.268	2.644	3.823	3.25238	976251.0	1049454.6954
m094253/	3.376	3.307	2.874	3.598	3.304	3.197	3.62	2.874	2.832	3.655	2.81	3.701	3.401	3.228	3.172	3.402	3.365	3.204	2.438	2.693	3.079	3.057	3.129	3.605	3.308	3.583	2.907	3.379	3.242	3.018	3.671	3.21672	1180774.0	1350873.93846
m094291/	3.162	3.01	2.448	2.596	3.059	3.056	3.219	2.471	2.707	3.36	2.749	3.064	3.127	2.839	2.749	2.882	3.301	3.033	2.151	2.426	2.952	2.76	2.859	3.462	2.898	3.07	2.756	2.944	3.013	2.692	3.74	2.92579	1078615.0	1084302.96581
m094904/	3.149	2.875	2.475	2.918	3.225	3.038	3.435	2.605	2.617	3.385	2.674	3.295	3.248	2.705	2.708	3.091	3.111	2.923	2.081	2.485	2.799	2.677	2.981	3.754	3.154	3.313	2.563	3.304	3.175	2.795	3.589	2.9734	860171.0	1064959.31347
m095118/	3.143	3.08	2.534	3.616	3.105	3.161	3.305	2.928	2.673	3.338	2.652	3.205	3.411	3.344	3.014	3.269	3.231	3.049	2.264	2.666	3.153	3.007	3.059	3.648	3.115	3.328	2.887	3.356	3.318	3.022	3.268	3.09486	1072213.0	1300114.1228
m095681/	2.804	2.977	2.39	3.842	3.198	2.771	3.28	2.988	2.668	3.302	2.432	3.059	3.109	3.212	2.902	3.071	3.071	2.75	2.272	2.498	3.185	2.764	2.657	3.42	2.995	3.115	2.695	3.162	2.915	2.799	3.088	2.91159	1169325.0	1121989.06912
m095686/	3.161	2.976	2.303	3.35	3.093	2.987	3.567	2.63	2.571	3.417	2.597	3.388	3.32	2.526	2.87	3.044	3.386	2.974	1.728	2.498	2.91	2.875	2.898	3.076	3.035	3.32	2.541	3.169	3.108	2.643	3.606	2.98309	1261107.0	1516633.6625
m095926/	3.155	2.593	2.114	3.302	3.153	2.998	3.232	2.939	2.594	3.498	2.437	3.197	3.093	2.668	2.804	2.934	2.996	2.893	1.785	2.799	2.977	2.397	2.985	2.964	2.834	3.097	2.664	3.055	3.042	2.449	3.406	2.89821	1123064.0	1366781.77384
m096004/	3.399	2.91	2.315	3.494	3.194	3.058	3.202	2.958	2.589	3.258	2.381	3.196	3.199	3.248	3.02	2.924	3.17	2.933	1.694	2.424	3.048	2.884	2.979	3.167	2.906	3.316	2.76	3.13	2.915	2.512	3.457	2.96189	1099543.0	1042021.72972
m097037/	3.57	3.104	2.449	2.988	3.166	3.176	3.201	2.985	2.708	3.319	2.606	3.18	3.416	2.759	3.056	3.062	3.266	3.152	1.59	2.613	2.945	2.958	3.029	3.228	3.294	3.502	2.839	3.36	3.203	3.232	3.884	3.09877	1105031.0	1007177.59215
m097039/	2.425	2.886	2.121	2.693	2.599	2.797	2.859	2.619	2.298	2.793	2.304	2.849	2.896	2.297	2.087	2.879	2.588	2.709	1.68	2.669	2.672	2.353	2.769	2.966	2.942	3.051	2.499	2.76	2.858	2.556	3.583	2.69887	1001610.0	1326236.88892
m097241/	3.325	2.92	2.497	3.103	3.361	3.219	3.239	2.958	2.802	3.787	2.681	3.998	3.44	2.702	3.048	3.106	3.191	2.972	2.095	2.502	2.961	2.781	3.256	3.401	3.091	3.527	2.873	3.264	3.251	2.959	3.701	3.11069	913546.0	1183963.57412
m097266/	2.866	3.055	2.522	2.54	3.221	3.099	3.09	2.595	2.697	3.363	2.57	3.371	3.198	2.381	3.097	3.207	3.354	3.157	1.896	2.611	3.01	2.964	3.034	3.153	3.14	3.473	2.859	3.075	3.046	2.877	3.435	3.00972	1267154.0	1549280.36286
m097285/	3.538	3.076	2.083	2.941	2.876	2.753	3.101	3.327	2.512	3.467	2.688	3.343	2.943	2.832	3.141	3.019	3.194	3.025	1.759	2.618	3.132	2.966	2.811	3.27	2.978	3.442	2.506	3.101	2.944	2.611	3.393	2.9496	989184.0	873038.673176
m097294/	3.214	3.021	2.395	2.859	3.029	2.92	3.102	2.565	2.554	3.512	2.705	3.396	3.132	2.357	2.893	3.108	3.265	2.892	2.288	2.414	2.91	2.844	2.891	3.393	3.195	3.372	2.584	3.136	2.982	2.5	3.591	2.94834	1053655.0	1000448.8994
m097299/	3.334	3.192	2.564	4.181	3.317	3.116	3.359	2.834	2.721	3.505	2.662	3.06	3.197	3.057	3.252	3.14	3.333	3.106	2.172	2.619	3.071	3.031	3.138	3.065	3.14	3.523	2.769	3.313	3.138	2.77	3.293	3.09497	1205823.0	1359195.66057
m097315/	3.218	3.11	2.581	3.455	3.096	2.947	3.37	2.681	2.711	3.255	2.716	3.157	3.059	3.003	3.076	3.009	3.0	3.058	2.115	2.55	2.886	2.937	2.862	3.465	3.295	3.464	2.668	3.218	2.902	2.879	3.548	2.99946	942839.0	1117654.7662
m097319/	3.421	3.073	2.65	3.621	3.304	3.026	3.448	2.696	2.636	3.629	2.717	3.274	3.35	2.777	2.881	3.157	3.316	2.916	2.159	2.6	3.209	2.939	2.99	3.667	3.025	3.41	2.616	3.305	2.996	3.078	3.649	3.05575	1193604.0	1359373.2816
m097468/	3.42	2.862	2.473	3.082	3.149	3.099	3.458	2.85	2.838	3.405	2.468	3.592	3.143	2.838	2.803	3.01	3.319	2.794	1.997	2.446	3.021	2.756	3.105	3.497	3.039	3.226	2.599	2.992	3.166	2.731	3.573	2.98356	884254.0	1015607.05968
m097498/	3.384	2.953	2.46	3.762	3.202	3.102	3.405	3.071	2.775	3.78	2.758	3.408	3.218	2.844	2.744	3.098	3.271	2.93	2.344	2.5	3.076	2.763	2.985	3.263	3.191	3.326	2.8	2.945	2.957	2.526	3.657	3.01627	871397.0	977502.44326
m097554/	3.001	2.785	2.634	3.01	3.319	3.135	3.523	2.77	2.75	3.867	2.681	3.979	3.338	2.935	2.942	2.766	3.294	3.209	2.327	2.467	2.875	2.754	2.97	3.511	3.367	3.497	2.703	3.324	2.957	2.967	3.638	3.05916	833238.0	1130263.79303
m097555/	2.913	3.009	2.482	2.782	3.277	3.253	3.308	3.042	2.938	3.744	3.028	3.93	3.254	2.708	2.729	3.143	3.053	3.176	2.252	2.468	2.896	2.879	3.154	3.375	3.287	3.464	2.76	3.19	3.21	2.939	3.895	3.09987	913362.0	1304552.34116
m097592/	2.633	2.846	2.325	3.443	3.436	3.065	3.441	2.548	2.679	4.087	2.495	4.431	3.133	3.37	2.645	2.911	3.234	3.147	1.964	2.591	2.535	2.667	2.967	3.657	3.386	3.653	2.722	3.004	3.332	2.685	3.37	3.01251	758397.0	876907.983135
m097667/	2.836	2.94	2.489	3.533	3.051	2.941	3.282	2.637	2.495	3.55	2.458	3.333	3.209	2.474	2.771	2.87	3.079	3.02	2.189	2.372	3.069	2.778	2.773	3.004	3.063	3.36	2.667	3.17	3.19	3.022	3.449	2.93285	924435.0	1170000.23673
m097682/	3.155	2.776	2.045	3.295	2.943	2.733	3.205	2.819	2.418	3.433	2.313	2.921	2.913	2.824	2.754	2.794	2.856	2.609	1.778	2.295	2.732	2.705	2.766	3.325	2.734	3.122	2.43	2.961	2.797	2.41	3.589	2.76782	1270922.0	1626046.1931
m097695/	3.323	2.928	2.544	3.405	3.2	3.144	3.192	2.637	2.846	3.561	2.795	3.292	3.266	3.072	3.218	3.158	3.192	2.793	2.036	2.52	3.287	2.867	3.015	3.268	3.059	3.35	2.83	3.319	3.246	2.434	3.697	3.0586	1073154.0	990670.56587
m097712/	3.49	2.882	2.572	2.231	3.224	3.029	3.475	2.835	2.795	3.757	2.802	3.665	3.354	2.614	2.467	3.114	3.503	3.296	2.045	2.369	3.003	2.568	2.772	3.493	3.286	3.463	2.772	3.025	2.941	2.56	3.73	3.01153	932078.0	1186628.58107
m097812/	3.908	3.052	2.803	3.875	3.24	3.174	3.436	2.805	2.823	3.642	2.735	3.356	3.376	3.188	3.178	3.255	3.413	3.15	2.413	2.645	3.279	2.855	3.12	4.029	3.108	3.358	2.873	3.314	3.054	3.322	3.349	3.1226	919020.0	1112107.15932
m097828/	2.968	2.775	2.344	3.149	3.142	2.683	3.219	2.553	2.392	3.358	2.378	3.184	3.288	2.788	2.687	2.891	2.892	2.927	2.201	2.225	2.96	2.712	2.613	3.268	2.899	3.132	2.403	3.038	2.821	2.341	3.83	2.81527	985446.0	1356868.15865
m097830/	2.959	2.957	2.497	2.822	3.156	3.039	3.476	2.759	2.593	3.618	2.836	3.55	3.338	2.64	2.944	3.112	3.438	3.281	2.394	2.594	2.749	2.885	2.948	3.896	3.194	3.436	2.694	3.115	3.14	2.822	3.724	3.05041	1145736.0	1171973.0713
m097833/	2.866	2.964	2.373	3.673	3.196	2.95	3.264	3.038	2.677	3.409	2.694	3.607	3.157	3.08	3.23	2.94	3.344	3.036	2.081	2.568	2.79	2.818	3.009	3.522	3.06	3.396	2.799	3.304	3.161	3.063	3.67	3.03938	970442.0	891359.765597
m098256/	3.423	2.515	2.442	3.106	2.925	2.913	3.328	2.751	2.55	3.52	2.658	3.515	3.221	3.62	2.62	2.895	3.017	2.98	2.208	2.787	2.862	2.386	2.881	3.535	3.01	3.325	2.484	3.071	2.948	2.961	3.546	2.93717	1038090.0	1291952.76275
m098904/	3.053	2.75	2.291	3.214	2.984	2.867	3.25	2.634	2.431	3.542	2.47	3.649	3.221	3.171	2.64	2.946	3.087	3.031	2.125	2.345	3.025	2.614	2.734	3.499	3.23	3.36	2.488	3.101	3.023	2.753	3.866	2.89617	957161.0	1173897.16594
m098922/	3.321	3.176	2.551	3.062	3.404	3.13	3.451	2.915	2.816	3.274	2.762	3.203	3.367	2.955	3.046	3.097	3.572	3.116	1.917	2.662	3.099	2.928	3.023	3.198	3.093	3.454	2.79	3.386	3.303	2.756	3.94	3.12997	1142547.0	1055066.90804
m099018/	3.388	3.329	2.499	3.666	3.425	3.205	3.447	2.924	2.744	3.479	2.666	3.298	3.441	3.463	3.215	3.189	3.467	3.054	1.91	2.59	3.048	2.973	3.092	3.63	3.28	3.482	2.919	3.351	2.999	2.939	3.683	3.14583	1200477.0	1094140.13226
m099082/	3.219	2.878	2.679	3.188	3.086	3.05	3.642	3.023	2.888	3.534	2.715	3.814	3.449	2.995	2.803	3.214	3.183	3.188	2.004	2.495	2.944	2.779	2.977	4.021	3.428	3.487	2.749	3.243	3.122	3.009	3.334	3.08893	850365.0	1062872.36954
m099605/	2.779	2.734	2.254	3.563	2.978	2.783	3.289	2.855	2.364	3.231	2.251	3.276	3.203	2.326	2.529	3.019	3.095	2.845	1.592	2.272	2.796	2.601	2.805	3.391	2.786	3.052	2.48	2.979	2.821	2.583	3.617	2.79123	912970.0	1224255.87906
m099652/	3.023	3.044	2.483	3.549	3.072	3.075	3.156	2.986	2.597	3.452	2.647	3.358	3.236	2.493	2.971	3.064	3.271	3.013	2.277	2.653	3.262	2.823	3.038	3.286	3.025	3.287	2.764	3.377	2.926	3.037	3.353	3.00958	1088315.0	1249176.74566
m099765/	3.565	3.006	2.454	3.512	3.283	3.147	3.278	2.466	2.653	3.731	2.442	3.687	3.278	2.901	2.932	2.928	3.023	3.001	1.997	2.471	2.823	2.723	2.844	3.666	2.966	3.207	2.681	2.963	3.402	3.185	3.689	2.9682	842433.0	1005390.61666
m099790/	3.251	2.982	2.382	2.633	3.259	2.918	3.185	2.681	2.653	3.437	2.444	3.259	3.152	3.23	2.94	2.983	3.028	2.782	2.096	2.403	3.009	2.803	2.949	3.216	2.943	3.245	2.55	3.086	2.93	3.072	3.506	2.93858	1099363.0	1285479.82959
m100119/	3.313	3.118	2.667	3.351	3.295	3.137	3.343	2.942	2.766	3.241	2.718	3.113	3.324	3.011	2.944	3.249	3.118	3.194	2.009	2.541	2.912	2.873	2.953	3.299	3.052	3.311	2.735	3.154	3.156	2.822	3.672	3.03685	1114467.0	1432562.96663
m100161/	3.467	3.114	2.649	4.014	3.197	3.192	3.338	2.652	2.741	3.41	2.639	3.403	3.176	3.371	3.147	3.142	3.079	3.392	2.374	2.607	2.758	2.999	3.042	3.736	3.244	3.503	2.831	3.292	3.129	3.1	3.615	3.10508	949148.0	1099850.86276
m100192/	3.476	2.999	2.56	3.376	3.067	2.979	3.288	2.759	2.654	3.589	2.934	3.287	3.13	3.344	3.11	3.036	3.143	2.936	1.905	2.405	2.96	2.718	3.023	3.692	3.177	3.364	2.65	3.275	3.165	2.861	3.601	3.01786	936375.0	1106271.17776
m100246/	3.338	2.905	2.602	3.702	3.296	3.002	3.41	2.677	2.735	3.629	2.754	3.353	3.343	2.865	2.886	2.999	2.999	3.146	1.846	2.501	3.08	2.842	2.952	3.825	3.224	3.333	2.741	3.154	3.068	2.793	3.635	3.04618	1127106.0	1206612.58976
m100308/	3.043	2.971	2.98	3.305	3.339	3.038	3.6	3.254	2.851	3.748	3.083	3.689	3.434	2.434	2.788	2.961	2.912	2.923	2.37	2.578	3.277	2.754	2.987	3.917	3.102	3.209	2.729	3.245	3.138	2.862	3.89	3.06768	1051674.0	1435171.25836
m100622/	3.502	3.239	2.797	4.073	3.296	3.159	3.484	3.076	2.918	3.572	2.803	3.725	3.334	2.729	3.182	3.02	3.717	3.024	2.522	2.682	3.22	3.047	3.085	3.436	3.201	3.561	2.923	3.249	3.217	2.602	3.793	3.16879	1059388.0	1133614.42248
m100770/	2.567	2.666	2.329	2.364	2.982	2.838	2.993	2.502	2.591	3.175	2.636	3.374	2.926	2.597	2.937	2.864	2.961	2.753	2.023	2.289	2.848	2.632	2.87	2.971	2.612	3.139	2.458	2.729	2.883	2.754	3.374	2.77242	1044789.0	1112794.24348
m100871/	3.073	2.977	2.587	3.756	3.146	2.955	3.354	2.827	2.645	3.573	2.586	3.341	3.285	2.568	2.761	2.999	3.373	2.914	2.138	2.395	2.735	2.691	2.806	3.051	2.948	3.26	2.531	3.186	2.908	2.721	3.854	2.92383	1101121.0	1462422.26651
m100961/	3.318	3.083	2.481	2.794	3.297	3.069	3.517	2.994	2.978	3.476	2.602	3.386	3.249	2.874	2.931	3.227	3.233	2.919	1.863	2.566	3.319	2.754	3.066	3.837	3.076	3.423	2.915	3.194	3.16	3.004	3.648	3.0751	935283.0	967727.694361
m101001/	3.341	2.944	2.402	3.281	3.312	2.895	3.133	2.67	2.705	3.353	2.656	3.158	3.253	3.176	2.915	2.981	3.195	2.89	2.101	2.494	3.089	2.84	2.909	3.279	2.976	3.343	2.592	3.228	2.936	2.746	3.643	2.99024	1116450.0	1389279.98056
m101208/	3.441	2.953	2.461	3.305	3.196	2.931	3.424	2.895	2.545	3.74	2.757	3.84	3.137	3.239	2.576	3.013	3.053	2.759	2.09	2.327	2.584	2.728	2.823	3.681	3.05	3.362	2.644	2.906	2.826	2.626	3.721	2.91525	751034.0	954658.494893
m101327/	2.936	2.948	2.575	3.116	3.142	2.869	3.065	2.549	2.496	3.104	2.503	3.165	3.058	2.232	2.501	2.931	2.709	2.681	2.282	2.193	2.7	2.655	2.71	3.112	2.688	3.057	2.475	2.955	2.719	2.581	3.749	2.78195	1049082.0	1503707.49462
m101403/	3.216	2.975	2.134	3.375	3.167	3.057	3.441	2.567	2.488	3.336	2.399	3.482	3.411	2.714	3.053	3.209	3.245	2.898	1.754	2.387	2.858	3.016	3.007	3.652	3.139	3.476	2.588	3.226	3.022	2.827	3.733	2.99898	1116990.0	1013659.90501
m101447/	3.025	2.721	1.96	2.802	2.814	2.607	3.074	2.384	2.311	2.935	2.144	2.847	2.844	3.055	2.632	2.73	2.894	2.538	1.682	2.347	2.868	2.624	2.525	3.024	2.695	2.825	2.317	2.891	2.758	2.296	3.756	2.66111	1182211.0	1562201.78115
m101456/	3.473	3.206	2.679	3.832	3.302	3.333	3.428	2.744	2.739	3.661	2.643	3.54	3.269	3.224	3.102	3.349	3.398	3.339	2.059	2.636	3.557	3.086	3.215	3.697	3.324	3.612	2.93	3.572	3.255	3.104	3.985	3.21959	1252560.0	1089335.36371
m101487/	3.326	3.07	2.376	3.614	3.113	2.996	3.334	2.754	2.586	3.431	2.689	3.223	3.172	3.12	3.094	2.956	3.267	2.94	2.099	2.616	3.053	2.984	2.889	3.288	3.04	3.301	2.705	3.292	3.001	3.046	3.63	3.01541	1177531.0	1286821.03968
m101520/	3.243	2.955	2.391	3.587	3.303	2.99	3.374	2.84	2.655	3.297	2.677	3.3	3.313	2.717	2.758	2.827	3.039	2.778	1.937	2.473	3.064	2.723	2.801	3.573	2.864	3.139	2.611	3.17	2.975	2.808	3.274	2.9208	1019026.0	1227673.99593
m101522/	3.286	3.204	2.725	3.528	3.214	3.225	3.67	2.883	3.021	3.63	2.738	3.319	3.233	2.908	3.244	3.192	3.364	3.163	2.498	2.637	3.056	3.071	3.015	3.475	3.267	3.489	2.87	3.361	3.223	3.234	4.097	3.18728	1135019.0	1117818.7511
m101574/	3.361	3.072	2.616	3.973	3.52	3.182	3.743	3.072	2.786	3.679	2.719	3.689	3.342	2.708	2.914	3.055	3.439	3.071	2.412	2.611	3.107	2.874	3.166	3.595	3.303	3.508	2.783	3.266	3.357	3.076	3.403	3.14581	929396.0	1139734.99262
m101597/	3.519	3.13	2.576	3.253	3.097	3.008	3.334	2.989	2.71	3.821	2.988	3.603	3.295	2.82	2.928	3.166	3.311	2.954	2.168	2.466	3.021	2.936	2.872	3.403	3.176	3.369	2.704	3.201	3.097	3.353	3.656	3.05946	1033011.0	1291055.68808
m101723/	3.568	3.126	2.446	3.471	3.229	3.008	3.287	2.894	2.722	3.689	2.474	3.755	3.153	2.819	2.845	3.059	3.193	3.068	2.076	2.477	2.965	2.817	2.916	3.624	3.164	3.484	2.711	3.112	2.966	2.621	3.287	3.01056	917363.0	869304.803753
m102072/	2.196	2.836	2.211	2.647	2.732	2.822	2.969	2.416	2.73	3.049	2.254	3.239	2.804	2.987	2.658	2.85	2.718	2.544	1.769	1.985	2.719	2.65	2.324	2.849	2.754	3.106	2.441	2.791	2.703	2.551	3.534	2.69994	919539.0	955942.350644
m102092/	3.513	3.044	2.454	3.692	3.325	3.197	3.376	2.581	2.71	3.42	2.826	3.307	3.375	3.178	2.95	3.11	3.111	2.958	2.369	2.433	3.008	2.93	2.973	3.354	3.041	3.421	2.672	3.295	3.067	2.801	3.562	3.05619	1144524.0	1296031.43808
m102110/	3.519	3.034	2.58	3.555	3.49	3.106	3.505	3.109	2.701	3.818	2.835	3.917	3.395	2.942	2.897	3.022	3.562	3.012	2.321	2.451	2.964	2.565	3.091	4.096	3.445	3.387	2.655	2.947	2.929	2.819	3.765	3.04813	760552.0	962478.16868
m102167/	3.119	3.116	2.535	2.861	3.34	3.261	3.482	3.189	2.928	3.884	2.577	4.424	3.445	3.009	2.977	3.26	3.571	3.479	2.275	2.587	2.958	2.851	3.266	4.509	3.623	3.731	2.873	3.252	3.383	3.088	3.429	3.19102	837343.0	1074621.46524
m102169/	3.444	3.216	2.599	3.307	3.288	3.138	3.327	2.779	2.83	3.432	2.598	3.567	3.179	3.293	2.888	3.14	3.347	3.016	2.253	2.47	2.869	2.829	3.039	3.342	3.139	3.395	2.84	3.33	3.126	2.795	3.7	3.0773	1117066.0	1386285.57598
m102207/	3.418	3.114	2.544	3.868	3.18	3.179	3.411	2.862	2.937	3.502	2.572	3.316	3.256	3.485	2.954	2.999	3.288	3.021	2.242	2.532	3.219	2.812	3.0	3.463	3.094	3.401	2.751	3.006	3.142	2.711	3.714	3.0515	891829.0	966144.389088
m102226/	3.338	3.068	2.601	3.774	3.064	3.199	3.306	2.491	2.661	3.426	2.726	3.443	3.413	3.283	3.068	3.134	2.715	3.026	2.331	2.59	3.093	2.874	3.064	3.673	3.137	3.537	2.726	3.273	3.016	2.71	3.526	3.07314	992275.0	967831.774151
m102231/	3.196	2.856	2.42	4.084	3.098	2.817	3.172	2.639	2.462	2.93	2.561	3.074	3.074	2.941	2.882	2.947	2.879	2.854	2.144	2.266	2.872	2.819	2.705	3.286	2.823	3.043	2.415	3.096	2.72	2.551	3.663	2.83399	1101520.0	1366654.32665
m102469/	3.454	3.24	2.697	3.666	3.25	3.186	3.275	2.763	2.709	3.595	2.775	3.185	3.228	2.887	3.126	3.088	3.236	3.088	2.18	2.574	2.933	2.947	3.14	3.476	3.107	3.437	2.758	3.322	3.108	3.37	3.738	3.10152	1187736.0	1056978.46734
m102476/	3.302	2.895	2.562	3.88	3.262	2.993	3.494	2.78	2.704	3.546	2.733	3.489	3.265	3.164	2.901	3.142	3.356	2.962	2.056	2.504	2.942	2.857	2.888	3.798	2.983	3.296	2.689	3.328	3.186	2.885	3.622	3.03729	1149163.0	1413796.79286
m102543/	3.261	3.066	2.697	3.211	3.18	3.282	3.212	2.853	2.834	3.836	2.796	4.094	3.601	3.305	3.303	3.412	3.559	3.025	2.149	2.766	3.201	2.885	3.192	3.804	3.229	3.694	2.933	3.356	3.477	2.97	3.904	3.20988	933344.0	1149621.12117
m102595/	3.628	2.657	2.923	3.064	3.434	2.933	3.412	3.237	3.016	4.103	2.689	3.858	3.174	2.763	3.122	3.341	3.573	3.397	2.184	2.487	2.693	2.693	3.165	3.835	3.218	3.622	2.777	3.287	2.925	3.432	3.674	3.10551	756571.0	1068630.72943
m102597/	3.239	2.902	2.212	3.347	3.12	2.912	3.34	2.76	2.566	3.091	2.518	3.055	3.306	2.751	2.923	3.159	2.962	2.847	1.756	2.405	3.027	2.889	3.074	3.224	2.814	3.2	2.553	3.138	3.027	2.688	3.857	2.92195	1083561.0	1449767.70715
m102670/	3.257	3.186	2.51	3.662	3.163	3.039	3.196	2.6	2.721	3.325	2.728	3.327	3.225	3.174	2.845	3.08	3.302	2.965	2.41	2.484	2.942	2.827	2.897	3.306	3.1	3.271	2.627	3.221	2.985	2.691	3.767	2.99997	1053351.0	1069614.00623
m102739/	3.276	3.059	2.529	3.488	3.092	2.957	3.386	2.453	2.635	3.536	2.627	3.349	3.143	2.766	3.201	2.945	3.079	2.901	2.282	2.415	2.662	2.889	2.887	3.285	3.048	3.33	2.628	3.068	2.943	2.662	3.632	2.9636	1030979.0	990974.001381
m102744/	3.125	2.984	2.242	3.422	3.178	2.997	3.618	2.556	2.714	3.205	2.541	3.224	3.231	2.544	2.804	2.968	3.112	2.8	1.93	2.39	2.897	2.849	2.815	3.4	2.896	3.193	2.62	3.049	2.988	2.492	3.714	2.91975	1167922.0	1381131.87065
m102746/	3.374	2.898	2.118	3.18	3.104	2.81	3.338	2.891	2.597	3.378	2.478	3.25	3.288	2.507	2.8	3.265	3.441	2.737	1.5	2.511	3.202	2.891	2.89	3.087	2.951	3.146	2.584	3.227	2.929	2.96	3.669	2.93168	1355370.0	1459279.36548
m102792/	3.201	2.691	2.059	3.513	3.105	2.887	3.142	2.536	2.482	3.252	2.386	3.017	2.974	2.739	2.669	2.69	2.826	2.7	1.685	2.411	2.794	2.665	2.675	2.92	2.787	2.941	2.392	2.85	2.808	2.53	3.49	2.75618	974652.0	1222647.74824
m102873/	3.129	3.128	2.483	3.704	3.332	3.178	3.614	2.726	2.792	3.594	2.761	3.319	3.502	2.818	2.965	3.004	3.179	3.163	2.124	2.459	3.097	3.031	3.029	3.615	3.044	3.449	2.772	3.466	3.048	2.898	3.72	3.11306	1145596.0	1120550.94373
m102976/	3.155	3.004	2.4	3.797	3.073	3.077	3.487	2.686	2.602	3.283	2.481	3.18	3.472	2.68	2.727	2.952	3.196	2.953	1.937	2.525	2.623	2.842	2.874	3.144	2.93	3.191	2.669	3.363	3.19	2.86	3.528	2.97926	1240809.0	1584691.90596
m103025/	3.413	3.1	2.537	3.613	3.428	3.208	3.476	2.876	2.875	3.426	2.848	3.847	3.447	2.896	2.848	3.23	3.475	3.277	2.114	2.759	3.105	2.888	3.074	3.445	3.189	3.499	2.794	3.5	3.212	3.05	3.82	3.15626	1128742.0	1210280.08187
m103057/	2.753	2.894	2.133	3.165	2.983	2.788	3.065	2.631	2.404	3.102	2.48	2.843	3.06	2.592	2.641	2.793	2.895	2.812	1.775	2.229	2.461	2.572	2.597	2.941	2.793	2.971	2.383	2.822	2.75	2.643	3.327	2.72483	1103002.0	1076818.63376
m103086/	2.979	2.953	2.363	3.826	3.067	2.963	3.178	2.808	2.612	3.164	2.796	3.113	3.352	2.791	2.842	3.074	3.12	2.86	2.108	2.431	2.939	2.82	2.762	3.145	2.965	3.338	2.521	3.215	2.974	2.954	3.469	2.95001	1194360.0	1294156.17562
m103140/	3.363	3.108	2.43	3.262	3.375	3.081	3.354	2.887	2.811	3.575	2.591	3.351	3.372	3.092	3.254	3.004	3.205	2.968	2.219	2.516	3.125	3.037	3.0	3.862	3.077	3.495	2.72	3.347	2.934	2.74	3.471	3.08043	1142281.0	1310405.57527
m103166/	3.416	2.975	2.636	2.934	3.024	2.819	3.175	2.65	2.568	3.497	2.627	3.572	3.08	2.928	2.723	3.137	3.015	3.012	2.242	2.37	3.014	2.657	3.051	3.879	3.015	3.392	2.564	2.823	2.829	2.55	3.427	2.90499	876453.0	1219564.52695
m103170/	3.155	3.215	2.504	3.848	3.04	2.958	3.299	2.754	2.798	3.397	2.677	3.323	3.163	2.582	2.867	3.071	3.261	2.81	2.379	2.525	2.903	2.822	3.059	3.083	2.972	3.317	2.598	3.137	2.872	3.001	3.129	2.98139	1076090.0	1341909.62906
m103219/	3.343	2.93	2.528	3.715	3.106	3.164	3.321	2.762	2.684	3.597	2.7	3.553	3.489	2.676	2.919	3.104	3.214	3.087	2.075	2.545	2.969	2.832	2.927	3.728	3.301	3.511	2.703	3.184	3.151	2.987	3.746	3.08694	1012786.0	1230245.25008
m103283/	3.332	2.861	2.563	3.54	3.29	2.951	3.371	2.635	2.753	3.569	2.596	3.553	3.331	2.947	2.781	3.04	3.028	2.939	2.149	2.259	2.538	2.788	2.664	3.476	2.996	3.196	2.653	3.147	3.024	2.662	3.632	2.93543	1003066.0	1330128.82572
m103292/	2.991	2.896	2.542	2.463	2.923	2.917	3.237	2.821	2.366	3.244	2.494	3.366	3.215	2.674	2.775	2.868	2.939	2.962	2.084	2.414	2.816	2.617	2.764	3.665	2.91	3.252	2.617	2.942	2.996	2.609	3.445	2.85457	841382.0	1158556.37218
m103317/	3.774	3.158	2.616	4.291	3.142	3.033	3.488	2.505	2.775	3.413	2.58	3.255	3.288	3.199	3.023	3.212	2.937	3.039	1.843	2.403	3.05	2.949	3.021	3.481	3.173	3.496	2.754	3.294	3.102	2.822	3.565	3.07154	1119500.0	1077096.06808
m103362/	3.338	3.044	2.431	3.379	3.172	3.034	3.42	3.142	2.667	3.369	2.61	3.118	3.066	2.634	3.033	3.11	3.195	3.182	1.997	2.596	3.053	2.909	2.985	3.333	3.028	3.312	2.699	3.13	2.955	3.039	3.62	3.00616	1102437.0	1023644.8007
m103366/	3.496	3.135	2.302	2.972	3.296	2.969	3.431	2.734	2.684	3.419	2.598	3.265	3.349	2.633	2.952	3.193	3.386	3.251	2.079	2.491	3.258	2.878	3.007	3.549	3.101	3.346	2.685	3.387	2.9	2.925	3.691	3.04864	1291132.0	1563624.47943
m103376/	3.146	3.065	2.416	3.243	3.147	2.964	3.285	2.723	2.742	3.293	2.464	3.218	3.383	2.523	2.593	3.253	3.316	3.215	2.026	2.705	2.78	2.909	2.89	3.634	2.896	3.174	2.815	3.272	3.092	2.811	3.969	3.01665	1262403.0	1205226.94882
m103381/	3.644	3.016	2.468	3.12	3.216	3.114	3.386	2.884	2.734	3.542	2.847	3.514	3.313	2.656	2.972	3.285	3.351	2.843	2.314	2.765	3.298	2.967	3.005	3.139	3.223	3.467	2.715	3.253	3.106	2.731	3.805	3.09499	958490.0	1189866.48368
m103423/	3.59	3.105	2.566	2.523	3.213	3.121	3.522	3.157	2.666	3.815	2.617	3.766	3.477	2.425	2.748	2.849	3.178	2.963	2.209	2.42	3.221	2.699	3.054	3.933	3.148	3.364	2.59	3.241	2.977	2.977	3.646	3.03474	909089.0	1187180.63366
m103457/	3.274	2.962	2.357	4.193	3.235	3.127	3.388	2.742	2.652	3.517	2.634	3.463	3.162	3.163	2.996	3.082	3.052	2.878	2.131	2.351	2.845	2.818	2.9	3.341	2.934	3.276	2.744	3.188	2.963	2.574	3.594	2.99185	1096889.0	1107235.39547
m103565/	3.198	3.359	2.828	3.471	3.313	3.352	3.549	2.589	3.134	3.84	2.859	4.016	3.592	3.54	3.042	3.464	4.001	3.575	2.011	2.63	3.014	3.034	3.132	3.787	3.408	3.713	3.057	3.314	3.213	3.412	3.628	3.27183	912028.0	1097671.96144
m103594/	3.472	3.195	2.637	2.998	3.228	3.163	3.256	3.19	2.78	3.389	2.81	3.33	3.216	2.665	2.994	3.29	3.337	3.204	2.033	2.843	3.268	2.889	3.003	3.495	3.208	3.524	2.879	3.2	3.312	2.941	3.687	3.11336	1003590.0	1004093.79239
m103688/	3.32	2.949	2.64	3.652	3.148	3.049	3.348	3.021	2.792	3.799	2.742	3.716	3.351	3.274	3.035	3.112	3.142	3.018	2.359	2.478	3.05	2.824	2.95	4.088	3.045	3.323	2.765	3.467	3.087	3.204	3.77	3.06432	1047809.0	1416207.52089
m103769/	3.358	3.18	2.42	3.396	3.293	3.208	3.506	2.695	2.909	3.551	2.718	3.149	3.152	3.227	2.807	3.153	3.399	3.248	2.277	2.446	3.252	2.804	3.034	3.551	3.188	3.374	2.767	3.393	2.991	2.925	3.297	3.0536	1077905.0	1006953.55491
m103773/	3.187	2.95	2.264	3.119	3.258	3.074	3.731	2.903	2.825	3.568	2.508	3.91	3.402	2.476	2.793	3.175	3.563	3.017	2.078	2.376	3.133	2.713	3.108	3.729	3.233	3.42	2.694	3.296	3.235	2.883	3.673	3.06597	864725.0	1054930.8272
m103788/	3.273	3.26	2.663	3.43	3.287	3.03	3.549	2.662	2.868	3.541	2.634	4.252	3.387	3.361	3.028	2.988	3.571	3.206	1.884	2.618	3.004	2.902	3.077	4.029	3.227	3.709	2.84	3.456	3.157	3.114	3.83	3.16408	905598.0	996083.759359
m103831/	3.338	3.072	2.471	3.652	3.203	3.083	3.294	2.599	2.681	3.112	2.58	3.504	3.227	2.878	2.965	2.975	3.38	2.937	2.11	2.502	2.939	2.87	2.863	3.317	2.924	3.3	2.624	3.368	2.865	2.643	3.707	2.9749	1143167.0	1218849.75993
m103870/	3.509	2.981	2.515	3.491	3.244	3.181	3.182	2.45	2.629	3.406	2.773	3.411	3.276	2.696	2.979	3.094	3.014	3.023	1.901	2.665	2.974	2.814	3.101	3.834	2.956	3.325	2.727	3.206	2.955	2.808	3.596	3.02187	1191164.0	1380757.16497
m103944/	3.222	3.099	2.495	3.445	3.356	3.018	3.38	2.907	2.706	3.589	2.791	3.133	3.408	2.882	2.934	3.248	3.336	3.196	2.001	2.623	3.36	2.869	3.083	3.533	3.124	3.424	2.689	3.31	2.952	2.705	3.82	3.07505	1195820.0	1452537.45684
m103950/	3.299	2.834	2.591	3.096	3.061	3.052	3.527	2.898	2.697	3.548	2.897	3.324	3.228	2.385	2.827	2.94	3.212	2.805	2.184	2.437	3.023	2.681	2.848	3.101	2.976	3.15	2.765	2.974	3.033	2.966	3.763	2.96537	830198.0	1154618.41971
m103976/	3.392	3.093	2.377	3.04	3.146	3.051	3.509	2.576	2.812	3.495	2.841	3.467	3.261	2.611	2.987	3.278	3.553	3.205	2.032	2.604	3.199	2.924	3.094	3.381	3.152	3.414	2.865	3.333	3.165	3.375	3.43	3.09251	1186531.0	1363076.89776
m104041/	2.858	3.038	2.493	4.054	3.249	3.119	3.372	2.759	2.683	3.477	2.573	3.346	3.444	2.963	2.864	3.329	3.444	2.96	2.152	2.604	2.828	2.899	2.964	3.163	2.994	3.383	2.728	3.2	3.164	2.977	3.575	3.03876	1107511.0	1294616.91841
m104044/	3.094	2.816	2.602	3.151	3.204	3.005	3.116	2.835	2.776	3.418	2.593	3.3	3.084	2.538	2.967	2.945	3.183	2.9	2.092	2.517	2.925	2.754	2.867	3.12	2.991	3.079	2.682	2.907	2.968	2.71	3.518	2.91914	1189877.0	1118583.42564
m104158/	3.234	2.972	2.259	3.958	3.193	2.894	3.402	2.748	2.443	3.272	2.42	3.308	3.194	3.29	2.843	3.095	3.195	2.971	2.022	2.468	2.961	2.705	2.845	3.46	3.067	3.261	2.526	3.166	2.964	2.957	3.678	2.94254	1094463.0	1109235.58626
m104179/	3.214	2.958	2.788	3.677	3.268	3.17	3.442	2.861	2.871	3.451	3.013	3.318	3.349	3.205	2.695	3.061	3.315	2.765	2.562	2.432	2.796	2.795	2.845	3.278	2.881	3.209	2.647	3.203	3.061	2.587	3.934	3.02444	1225517.0	1608298.40494
m104191/	3.134	2.993	2.274	3.978	2.99	2.902	3.18	3.121	2.553	3.467	2.513	3.292	3.14	3.157	2.928	3.048	2.978	3.144	2.138	2.384	3.111	2.868	2.981	3.37	3.002	3.228	2.526	3.276	2.953	3.058	3.441	2.95151	1051405.0	1011290.58223
m104208/	3.269	3.169	2.393	3.514	3.046	3.023	3.449	2.845	2.738	3.278	2.831	3.307	3.285	3.259	3.047	3.173	3.194	2.952	2.012	2.744	2.755	3.027	2.896	3.492	3.091	3.363	2.666	3.34	3.259	2.906	3.693	3.06996	1161649.0	1141021.77573
m104220/	2.677	2.866	2.333	3.629	3.187	2.795	3.151	2.865	2.478	3.407	2.644	3.529	3.097	2.534	2.644	2.919	3.097	2.701	2.077	2.348	2.668	2.625	2.583	3.197	2.933	3.155	2.427	3.026	2.843	2.647	3.724	2.82973	829665.0	1110969.76851
m104268/	3.183	2.707	2.224	3.905	3.053	2.776	3.144	2.556	2.355	3.425	2.405	3.24	2.989	3.31	2.477	2.901	3.071	2.812	2.002	2.159	2.855	2.488	2.722	3.192	2.867	3.104	2.371	3.047	2.785	2.624	3.464	2.78596	1007479.0	1307181.24511
m104322/	3.198	3.168	2.157	3.817	2.9	3.082	3.444	2.596	2.642	3.543	2.209	3.165	3.18	2.978	3.117	3.036	3.23	3.036	1.71	2.556	2.976	2.939	3.07	3.43	3.168	3.481	2.751	3.307	3.055	3.215	3.77	3.0424	1107386.0	987972.354281
m104360/	3.692	3.105	2.72	3.572	3.201	3.17	3.121	2.723	2.83	3.698	2.891	3.307	3.3	2.854	3.039	3.081	2.872	3.005	2.469	2.412	3.204	2.845	3.055	3.724	3.163	3.517	2.755	3.251	3.038	2.601	3.78	3.08054	1031106.0	1206386.34137
m104420/	3.746	3.008	2.812	2.56	3.187	3.06	3.333	2.8	2.787	3.623	2.64	3.792	3.098	2.196	2.819	2.965	3.053	3.174	2.022	2.454	3.022	2.65	3.057	3.43	3.32	3.499	2.732	3.06	2.97	2.878	3.75	3.01189	779833.0	985942.453737
m104422/	3.048	3.044	2.307	3.117	3.022	3.013	3.18	2.844	2.538	3.353	2.672	3.118	2.943	2.777	2.963	2.917	3.01	3.157	2.079	2.535	3.128	2.743	3.164	3.386	3.037	3.418	2.789	2.975	2.987	2.637	3.527	2.96658	1188100.0	1448890.30695
m104430/	3.189	2.94	2.586	3.346	3.167	3.009	3.238	2.52	2.741	3.389	2.82	3.228	3.299	2.675	2.761	3.03	3.419	2.925	2.59	2.621	3.022	2.682	3.125	3.41	3.075	3.257	2.718	3.213	3.126	2.741	3.8	3.01827	902419.0	972302.680664
m104591/	3.105	3.124	2.365	3.113	3.156	3.147	3.326	2.699	2.763	3.612	2.733	3.306	3.239	3.501	3.034	3.148	3.45	2.943	1.743	2.685	3.024	2.951	3.005	3.546	3.02	3.431	2.919	3.183	3.144	2.875	3.985	3.09103	1253972.0	1129050.9899
m104681/	2.683	2.871	2.238	3.528	3.077	2.683	3.119	2.996	2.445	2.965	2.513	3.162	2.92	2.951	2.565	2.874	2.908	2.73	1.98	2.138	2.935	2.63	2.751	3.295	2.716	2.974	2.284	2.959	2.632	2.465	3.524	2.74247	1099907.0	1468049.03365
m104697/	3.584	2.609	2.911	3.147	3.079	3.166	3.447	2.799	2.776	3.659	2.752	4.175	3.268	3.033	2.727	3.031	3.57	3.214	2.249	2.89	2.929	2.439	3.04	3.772	3.328	3.402	2.945	3.155	3.164	2.766	3.849	3.1075	955948.0	1293400.87387
m104882/	2.654	2.709	2.275	3.169	2.938	2.899	3.093	2.767	2.59	3.363	2.566	3.458	3.006	2.526	2.6	2.852	3.001	2.944	2.052	2.353	2.771	2.545	2.794	3.257	2.861	3.124	2.553	3.034	2.931	2.315	3.535	2.81697	896602.0	1251206.7557
m104965/	3.334	2.982	2.53	3.522	3.297	3.08	3.27	2.881	2.694	3.349	2.807	2.912	3.285	2.397	2.913	2.971	2.957	2.787	2.151	2.356	2.903	2.81	3.022	3.611	2.916	3.312	2.73	3.256	3.11	3.125	3.705	2.99228	959912.0	1199039.32271
m104966/	3.734	3.332	3.01	3.012	3.435	3.232	3.438	2.705	3.05	3.963	2.615	3.719	3.375	3.421	3.095	3.368	3.477	3.657	2.179	2.475	2.857	3.042	3.554	4.204	3.338	3.702	2.847	3.147	3.148	2.873	3.593	3.19071	838032.0	1151107.2328
m104969/	2.945	2.954	3.123	3.493	3.178	3.23	3.514	3.145	2.883	3.593	3.048	3.64	3.301	3.085	2.886	3.247	3.597	3.134	2.659	2.409	2.835	2.816	3.086	3.194	3.042	3.359	2.814	3.382	3.199	3.389	3.795	3.11345	1005537.0	1319958.9985
m105267/	3.044	3.059	2.585	3.41	3.167	3.097	3.464	2.646	2.897	3.474	2.599	3.155	3.276	3.065	3.216	3.014	3.228	2.858	1.995	2.735	2.976	2.892	3.122	2.998	3.059	3.431	2.884	3.352	3.058	2.854	3.738	3.08096	1121985.0	1303060.25535
m105364/	3.174	3.007	2.751	3.575	3.365	3.201	3.607	3.357	2.705	3.941	2.668	3.558	3.486	2.875	2.88	3.235	3.439	3.241	2.281	2.463	3.165	2.803	3.36	3.841	3.188	3.41	2.835	3.324	3.094	3.051	4.058	3.1262	1051058.0	1405623.31781
m105480/	3.269	3.026	2.673	3.977	3.493	3.153	3.712	2.903	2.845	3.872	2.9	3.696	3.432	2.56	2.99	3.071	3.037	3.062	2.329	2.506	2.89	2.732	3.153	3.308	3.107	3.405	2.758	3.122	3.129	2.645	3.687	3.08147	890642.0	1092355.74634
m105551/	2.98	2.862	2.513	3.48	3.003	2.904	2.97	2.582	2.644	3.137	2.64	3.156	3.037	2.687	2.805	2.806	3.115	2.783	1.992	2.51	2.749	2.823	2.741	3.305	2.959	3.145	2.55	3.157	2.85	3.077	3.233	2.86928	980637.0	951585.503041
m105553/	3.475	3.213	2.576	3.935	3.24	3.125	3.318	3.134	2.913	3.486	2.703	3.395	3.2	3.834	3.352	3.288	3.169	3.25	2.263	2.652	3.268	3.164	3.066	3.013	3.172	3.589	2.819	3.283	3.052	2.992	3.876	3.1461	1037321.0	1094768.66362
m105555/	2.968	2.888	2.361	3.461	2.931	2.789	3.114	2.464	2.481	3.104	2.461	3.077	2.975	2.666	2.578	2.828	3.126	2.778	1.937	2.23	2.878	2.821	2.677	2.861	2.859	3.081	2.516	3.043	2.65	2.638	3.613	2.79731	964738.0	1290125.43209
m105592/	3.325	2.863	2.38	3.721	3.205	3.113	3.389	2.72	2.695	3.631	2.647	3.405	3.1	3.157	2.978	2.783	3.005	2.777	1.997	2.342	2.716	2.744	2.883	3.265	2.826	3.179	2.664	3.135	2.875	2.691	3.6	2.92597	958240.0	1282205.8014
m105651/	3.471	3.056	2.567	2.729	2.938	3.156	3.518	2.729	2.668	3.346	2.566	3.637	3.255	2.545	2.754	2.989	3.264	3.086	2.099	2.525	3.338	2.722	2.941	3.445	3.079	3.239	2.659	3.06	3.168	2.748	3.834	2.99513	840549.0	981444.420929
m105713/	3.479	3.283	2.722	3.624	3.344	3.289	3.404	2.92	2.983	3.79	3.023	3.572	3.482	3.158	3.277	3.281	3.587	3.274	2.214	2.795	3.284	3.187	3.323	3.496	3.262	3.636	3.039	3.359	3.261	3.387	3.893	3.28233	1108227.0	982084.541678
m105719/	3.191	2.852	2.437	2.785	3.007	3.037	3.448	2.615	2.76	3.686	2.587	4.036	3.413	2.66	2.52	2.857	3.3	3.074	2.24	2.329	3.061	2.522	3.017	3.834	3.208	3.426	2.577	2.879	2.851	2.587	3.808	2.9522	989705.0	1305392.15142
m105721/	3.606	3.29	2.76	3.317	3.44	3.361	3.617	2.892	2.906	3.604	2.879	3.672	3.609	3.729	3.176	3.469	3.599	3.26	2.226	2.889	3.159	3.056	3.325	3.979	3.27	3.734	2.986	3.601	3.274	3.311	3.826	3.30033	1045301.0	1082881.69311
m105781/	3.23	3.021	2.402	3.582	3.165	2.984	3.315	2.671	2.461	3.479	2.585	3.231	3.162	2.704	2.837	3.037	3.215	2.95	2.03	2.345	3.067	2.905	2.894	3.351	3.216	3.349	2.689	2.986	2.862	2.457	3.82	2.96819	1126313.0	1337388.9193
m105841/	3.271	3.043	2.589	3.299	2.968	3.222	3.188	2.627	2.805	3.523	2.652	3.227	3.32	2.794	3.041	3.073	3.108	3.073	2.147	2.575	2.907	2.805	3.026	3.317	3.145	3.421	2.743	3.135	3.106	2.96	3.565	3.04468	1264980.0	1106657.89229
m105847/	3.064	3.1	2.516	2.628	3.133	3.036	3.369	3.033	2.717	3.23	2.767	3.486	3.19	2.849	3.183	3.047	3.015	2.86	2.041	2.509	3.292	2.91	2.768	3.092	3.001	3.292	2.606	3.199	2.979	3.006	3.719	2.98668	1235015.0	1496384.56101
m105848/	2.951	2.837	2.098	3.47	2.967	2.764	3.097	2.572	2.56	3.284	2.38	3.008	3.005	2.699	2.802	2.856	3.259	2.847	1.858	2.237	2.657	2.737	2.552	3.045	2.831	3.196	2.446	2.945	2.952	2.759	3.532	2.79879	1023651.0	963819.309019
m105901/	3.06	3.021	2.215	3.198	3.157	2.94	3.166	2.777	2.513	3.155	2.425	3.351	3.212	2.952	3.026	2.94	2.883	2.753	1.868	2.305	3.137	2.912	2.858	3.444	2.828	3.254	2.616	3.024	2.998	2.655	3.235	2.89733	1193841.0	1480495.52034
m105905/	3.321	2.996	2.416	2.956	3.066	3.056	3.45	2.962	2.696	3.304	2.662	3.315	3.321	2.571	3.187	2.918	3.206	3.192	2.102	2.456	3.009	2.902	2.971	3.397	3.08	3.259	2.704	3.051	2.961	3.184	3.828	3.01038	1076551.0	1186580.50337
m105918/	2.966	2.669	2.462	3.58	3.222	3.124	3.246	2.724	2.633	3.602	2.645	3.437	3.36	2.586	2.812	3.025	3.387	3.072	2.178	2.954	2.955	2.586	2.917	3.478	3.213	3.318	2.707	3.208	3.014	2.927	3.618	3.03431	925362.0	949377.978455
m105935/	2.904	2.899	2.187	3.472	3.107	2.793	3.348	2.68	2.581	3.442	2.459	3.367	3.201	2.6	2.78	2.912	3.002	2.915	1.872	2.338	2.772	2.793	2.717	3.481	2.954	3.256	2.527	3.043	2.754	2.819	3.322	2.87059	1066798.0	1325686.47427
m105952/	3.114	3.08	2.548	3.04	3.245	3.091	3.409	2.769	2.835	3.666	2.801	3.667	3.382	2.559	2.787	2.913	3.137	2.898	1.871	2.455	2.886	2.691	3.063	3.221	3.036	3.342	2.751	3.319	3.009	3.413	3.619	3.03481	1007095.0	1289913.41506
m105953/	3.191	3.158	3.04	2.898	3.282	3.269	3.587	3.159	3.119	3.883	2.694	3.711	3.404	2.42	3.117	3.202	3.199	3.113	2.515	2.603	2.992	3.053	3.131	3.297	3.173	3.417	2.888	3.083	3.462	2.741	4.031	3.17849	1063438.0	1473528.71189
m105999/	3.089	3.139	2.472	3.729	3.366	3.061	3.516	2.54	2.707	3.386	2.837	3.571	3.349	2.879	3.082	3.342	3.418	3.015	1.849	2.571	2.918	3.009	2.972	3.425	3.098	3.436	2.696	3.372	3.265	2.72	3.833	3.10842	1145368.0	1089063.92739
m106075/	3.279	2.885	2.37	3.726	2.997	2.927	3.188	2.567	2.556	3.233	2.737	3.412	3.065	2.783	2.839	2.846	3.226	2.932	2.575	2.359	2.778	2.756	2.76	3.596	3.015	3.253	2.701	2.943	2.974	2.664	3.384	2.89831	895419.0	1144971.3308
m106148/	2.895	2.77	2.532	3.091	2.984	2.831	3.221	2.619	2.456	3.138	2.362	3.026	3.061	2.837	2.555	2.921	3.108	2.579	2.161	2.272	2.606	2.638	2.771	3.278	2.839	3.023	2.425	3.051	2.931	2.833	3.516	2.79999	920047.0	1249108.5715
m106149/	3.841	3.003	2.545	3.429	3.073	3.329	3.536	2.734	2.906	3.322	2.609	3.472	3.394	3.425	3.016	3.288	3.681	3.067	2.422	2.725	3.058	2.991	3.242	4.061	3.214	3.541	2.893	3.387	3.292	3.378	3.549	3.17202	995370.0	1095096.15231
m106229/	3.495	3.077	2.399	3.237	3.243	3.07	3.368	2.743	2.713	3.215	2.455	3.277	3.215	2.73	3.013	3.101	3.203	2.9	1.966	2.452	2.963	2.858	3.061	3.605	2.895	3.422	2.717	3.258	3.076	2.539	3.372	3.0005	1116836.0	1419497.07138
m106485/	3.666	3.07	2.983	3.529	3.328	3.0	3.275	2.859	2.663	3.824	2.775	4.076	3.459	2.994	2.917	3.309	3.368	3.153	2.365	2.448	2.899	2.814	3.034	3.484	3.46	3.536	2.708	3.518	3.217	3.286	3.803	3.1286	901891.0	1209966.53628
m106634/	2.998	2.835	2.244	3.309	3.083	2.756	3.172	2.651	2.435	3.183	2.511	3.099	3.01	2.925	2.798	2.927	3.121	2.801	1.798	2.365	2.975	2.806	2.739	3.136	2.765	3.081	2.505	3.0	2.895	2.525	3.459	2.81289	1106013.0	1404081.32763
m106647/	3.265	3.03	2.397	3.228	3.112	3.008	3.176	2.867	2.655	3.234	2.549	3.289	3.094	2.998	3.03	2.894	3.205	2.874	1.715	2.486	3.187	2.809	2.895	3.13	3.038	3.327	2.77	3.042	2.851	2.716	3.835	2.96168	1026057.0	1242464.82605
m106662/	3.022	3.078	2.529	3.961	3.022	3.025	3.449	2.488	2.651	3.579	2.6	3.307	3.227	2.722	2.975	3.03	3.379	2.928	2.24	2.372	2.859	2.808	2.926	3.813	3.063	3.399	2.57	3.18	2.992	2.911	3.765	2.99256	973629.0	1274289.20046
m106664/	3.115	2.909	2.169	3.436	3.033	2.791	3.24	2.646	2.461	3.204	2.463	3.135	2.998	2.368	2.919	2.878	2.851	2.777	1.767	2.288	2.761	2.753	2.718	3.168	2.78	3.101	2.382	2.93	2.844	2.522	3.532	2.81318	1053195.0	1364451.59477
m106695/	3.411	3.036	2.661	3.905	3.321	3.234	3.682	3.096	2.637	3.567	2.538	3.03	3.361	2.937	3.062	3.244	3.572	3.22	1.925	2.799	3.209	2.891	3.379	3.515	3.182	3.492	2.839	3.247	3.414	3.265	3.534	3.13205	914644.0	963087.366542
m106740/	3.355	3.073	2.362	3.415	3.207	3.148	3.237	3.026	2.672	3.535	2.564	3.451	3.208	2.874	2.885	3.133	3.339	2.933	1.881	2.536	3.076	2.863	3.002	3.211	3.126	3.286	2.746	3.271	3.064	3.032	3.874	3.04984	1371344.0	1267200.40909
m106910/	3.224	2.872	2.269	4.139	3.045	2.839	3.254	2.731	2.463	3.295	2.465	2.922	3.121	2.762	2.871	2.926	2.963	2.743	1.84	2.446	2.853	2.815	2.801	3.265	2.866	3.177	2.514	3.112	3.005	2.836	3.471	2.87409	1063706.0	1037180.94056
m107012/	3.915	2.973	2.379	3.064	3.323	3.22	3.266	2.931	2.856	3.494	2.782	3.125	3.299	3.443	2.95	3.057	3.076	3.049	1.998	2.24	3.035	2.789	2.942	3.767	3.203	3.376	2.614	3.365	2.963	2.824	3.707	3.0464	1045740.0	1303984.91706
m107026/	3.127	3.207	2.632	3.169	3.144	3.081	3.256	2.703	2.829	3.552	2.604	3.6	3.234	2.836	3.026	3.194	3.518	3.212	1.669	2.541	2.831	2.841	2.914	3.196	3.242	3.357	2.635	3.155	3.105	3.022	3.675	3.03032	1301875.0	1399883.54873
m107177/	3.357	2.908	2.389	2.984	3.126	2.862	3.309	2.613	2.574	3.133	2.613	2.915	3.05	3.153	2.822	3.148	3.1	2.953	2.033	2.428	2.73	2.79	2.893	3.353	2.9	3.24	2.662	3.012	2.877	2.777	3.513	2.89046	1099379.0	1166006.53505
m107217/	3.359	2.994	2.333	3.999	3.185	2.843	3.306	2.693	2.57	3.31	2.631	3.121	3.07	3.071	2.868	2.927	3.059	2.664	2.017	2.424	2.983	2.763	2.793	3.229	2.786	3.076	2.493	3.211	3.016	2.53	3.588	2.89298	1146714.0	1329935.06101
m107271/	3.213	3.086	2.526	3.273	3.221	3.114	3.396	2.545	2.747	3.25	2.795	3.333	3.299	3.165	3.122	3.146	3.151	2.818	2.024	2.596	2.946	2.895	3.015	3.22	2.97	3.383	2.748	3.205	3.184	3.214	3.714	3.0412	1108177.0	1162106.77415
m107296/	3.695	2.959	2.47	2.443	3.006	2.951	3.262	2.602	2.567	3.61	2.599	3.851	3.42	2.434	2.748	2.893	3.074	3.272	1.96	2.462	2.903	2.577	2.993	3.893	3.003	3.069	2.588	2.944	2.811	3.001	3.707	2.90122	933854.0	1237558.74041
m107301/	3.359	3.203	2.635	3.779	3.398	3.049	3.687	2.98	2.921	3.556	2.964	3.719	3.429	3.638	3.163	3.086	3.642	3.087	2.105	2.726	2.917	3.019	3.08	3.426	3.258	3.592	2.834	3.464	3.262	3.443	3.9	3.20363	901809.0	1057423.22788
m107324/	3.184	2.982	2.251	3.616	3.103	3.06	3.31	2.609	2.588	3.33	2.52	3.384	3.083	3.24	2.823	2.968	3.476	2.668	2.046	2.293	3.091	2.792	2.756	3.636	2.9	3.152	2.599	3.194	2.969	2.844	3.785	2.92004	1008077.0	1250917.03437
m107386/	3.16	3.019	2.085	2.734	3.008	2.879	3.159	2.991	2.712	3.458	2.649	3.401	3.087	2.856	2.973	3.008	3.199	3.08	1.956	2.504	2.973	2.872	2.958	3.236	3.105	3.338	2.557	3.281	3.024	3.077	3.494	2.98623	1118453.0	1154361.4238
m107411/	3.113	2.92	2.154	3.575	2.868	2.74	3.034	2.718	2.365	3.235	2.277	3.029	2.979	2.589	2.83	2.811	3.081	2.827	1.917	2.205	2.999	2.669	2.821	3.046	2.87	3.116	2.44	2.942	2.77	2.521	3.752	2.77738	1100349.0	1432890.55754
m107449/	3.028	2.995	2.211	3.244	3.213	3.006	3.179	2.718	2.555	3.138	2.71	3.279	2.96	2.28	2.847	2.826	3.092	3.061	1.956	2.327	2.998	2.724	2.743	3.079	3.057	3.184	2.583	3.168	2.94	2.863	3.503	2.89027	1215108.0	1426478.51003
m107938/	3.172	3.027	2.136	3.362	3.002	2.855	3.287	3.036	2.61	3.079	2.417	2.746	3.063	2.814	2.841	3.096	3.137	2.762	1.984	2.457	2.878	2.882	2.764	3.227	2.859	3.133	2.481	3.1	2.86	2.499	3.667	2.87962	1074601.0	1320755.25307
m107957/	3.415	3.086	2.771	3.843	3.206	3.19	3.472	2.639	2.833	3.432	2.737	3.487	3.295	2.785	2.995	3.107	3.09	3.254	1.996	2.635	2.744	3.002	3.083	3.631	3.169	3.428	2.936	3.267	3.279	2.787	3.734	3.11894	1299955.0	1444073.18997
m107994/	2.953	2.848	2.514	2.58	2.788	2.811	3.146	2.527	2.639	3.337	2.516	3.079	3.142	2.138	2.517	2.825	2.828	2.919	2.063	2.292	2.64	2.615	2.725	2.921	2.737	2.977	2.59	3.025	2.783	3.006	3.67	2.78771	1038735.0	1324499.7333
m108060/	3.633	3.017	2.386	3.284	3.251	3.216	3.448	2.598	2.917	3.375	2.447	3.305	3.284	3.587	2.758	3.064	3.013	3.066	1.855	2.47	2.862	2.814	3.175	3.325	3.043	3.226	2.837	3.184	3.099	2.638	3.697	3.03227	1064404.0	1205819.84579
m108324/	3.148	2.935	2.256	3.118	2.909	2.988	3.298	2.522	2.636	3.309	2.527	3.215	3.162	3.197	2.819	3.087	3.033	2.829	1.959	2.606	2.889	2.785	2.688	3.408	3.151	3.159	2.681	3.234	2.983	2.56	3.633	2.93024	1087765.0	971182.615475
m108326/	3.143	2.965	2.366	3.686	3.321	3.182	3.451	2.671	2.655	3.218	2.82	3.307	3.228	3.287	2.933	3.037	3.187	2.982	2.038	2.445	2.885	2.875	2.963	3.028	2.905	3.208	2.799	3.147	3.186	2.633	3.662	2.99896	1130400.0	1160568.57112
m108385/	2.875	2.882	2.361	3.62	3.059	2.92	3.156	2.718	2.669	3.491	2.16	3.224	3.204	2.585	2.978	2.873	3.038	3.005	1.676	2.317	2.923	2.865	2.813	3.402	2.945	3.287	2.518	3.123	2.953	2.442	3.512	2.90634	1009635.0	1165294.15208
m108555/	3.333	2.962	2.286	3.352	3.033	2.932	3.107	2.632	2.702	3.187	2.548	3.226	3.223	2.56	2.784	3.043	3.227	2.936	1.861	2.38	2.946	2.908	2.643	3.832	3.064	3.253	2.608	3.164	2.974	2.918	3.573	2.9331	1129446.0	1058801.67134
m108581/	3.227	3.086	2.369	3.665	3.101	2.987	3.136	2.896	2.668	3.259	2.601	3.413	3.155	3.202	2.931	2.953	3.015	2.869	1.949	2.362	2.984	2.867	2.866	3.451	3.006	3.337	2.593	3.264	2.957	2.95	3.505	2.96896	1119929.0	1106018.63327
m108583/	3.236	3.09	2.492	4.284	3.268	3.03	3.431	2.587	2.858	3.463	2.649	3.426	3.276	2.997	3.026	3.203	3.213	3.166	1.834	2.553	2.781	2.968	3.041	3.657	3.023	3.462	2.721	3.329	3.199	3.153	3.523	3.08787	1055591.0	1035316.57758
m108597/	3.403	2.745	2.492	3.464	2.999	2.711	3.208	2.565	2.333	3.331	2.478	3.138	3.129	3.059	2.599	2.743	3.252	2.659	1.956	2.327	2.84	2.621	2.531	3.572	2.793	2.946	2.294	2.854	2.677	2.831	3.777	2.76357	1046237.0	1391210.17114
m108839/	3.429	3.096	2.816	4.166	3.317	3.131	3.447	2.539	2.876	3.793	2.886	3.609	3.296	2.717	3.328	3.128	3.475	3.251	2.48	2.687	2.744	3.013	3.279	3.534	3.269	3.585	2.879	3.367	3.146	2.713	3.862	3.18307	1058694.0	1083536.21816
m108879/	2.91	2.809	2.143	3.712	3.079	2.905	3.156	2.437	2.568	3.146	2.353	3.124	3.266	2.84	2.63	2.69	2.911	2.74	1.778	2.254	2.8	2.695	2.753	2.992	2.798	3.083	2.435	2.826	2.789	2.288	3.413	2.78917	993947.0	937755.934976
m108912/	3.389	2.9	2.497	3.365	3.317	3.018	3.284	2.806	2.609	3.337	2.539	3.278	3.347	3.076	2.845	3.058	2.994	2.864	2.02	2.507	2.997	2.725	2.955	3.532	2.994	3.266	2.63	3.164	3.072	2.982	3.63	2.97376	1066245.0	1037030.74423
m109319/	3.419	2.944	2.446	3.376	3.263	3.018	3.551	2.851	2.531	3.685	2.711	3.846	3.092	2.794	2.882	3.137	3.265	2.794	2.297	2.373	3.135	2.766	2.984	3.229	3.064	3.292	2.625	3.187	2.943	2.786	3.555	2.98379	939433.0	1323618.44142
m109502/	3.422	3.102	2.471	4.109	3.216	3.293	3.27	3.045	2.787	3.598	2.673	3.573	3.173	2.875	3.214	3.292	3.568	3.171	2.131	2.822	3.244	3.161	3.157	3.596	3.321	3.638	2.977	3.446	3.315	3.333	3.765	3.19849	1172830.0	974744.962988
m109785/	2.793	2.728	2.554	2.944	2.994	2.746	3.207	2.549	2.59	3.622	2.64	3.186	2.942	2.441	2.707	2.96	3.259	2.89	2.052	2.322	2.727	2.536	2.871	3.314	2.954	3.137	2.488	2.953	2.789	2.324	3.797	2.84801	998442.0	1399518.01678
m109854/	4.295	3.186	2.632	3.064	3.314	3.486	3.641	2.944	2.916	3.661	2.571	3.834	3.514	2.513	3.154	3.239	3.469	3.213	2.182	2.607	3.031	3.127	2.965	3.837	3.228	3.662	2.894	3.47	3.427	2.556	3.891	3.21045	783371.0	1111641.23112
