rh.aparc.DKTatlas.thickness	rh_caudalanteriorcingulate_thickness	rh_caudalmiddlefrontal_thickness	rh_cuneus_thickness	rh_entorhinal_thickness	rh_fusiform_thickness	rh_inferiorparietal_thickness	rh_inferiortemporal_thickness	rh_isthmuscingulate_thickness	rh_lateraloccipital_thickness	rh_lateralorbitofrontal_thickness	rh_lingual_thickness	rh_medialorbitofrontal_thickness	rh_middletemporal_thickness	rh_parahippocampal_thickness	rh_paracentral_thickness	rh_parsopercularis_thickness	rh_parsorbitalis_thickness	rh_parstriangularis_thickness	rh_pericalcarine_thickness	rh_postcentral_thickness	rh_posteriorcingulate_thickness	rh_precentral_thickness	rh_precuneus_thickness	rh_rostralanteriorcingulate_thickness	rh_rostralmiddlefrontal_thickness	rh_superiorfrontal_thickness	rh_superiorparietal_thickness	rh_superiortemporal_thickness	rh_supramarginal_thickness	rh_transversetemporal_thickness	rh_insula_thickness	rh_MeanThickness_thickness	BrainSegVolNotVent	eTIV	rh_temporalpole_thickness
M070481/	4.187	3.279	2.663	3.256	3.153	2.711	3.073	3.324	2.405	3.851	3.125	4.142	3.276	2.809	3.141	3.432	3.781	3.4	2.338	2.547	3.576	2.905	3.419	3.81	3.143	3.51	2.511	3.341	3.269	3.289	4.068	3.0909	801235.0	1073055.18537	0.0
M070524/	3.324	3.435	2.519	3.7	3.218	3.006	3.156	2.848	2.603	3.663	2.189	3.311	3.298	2.54	3.056	3.289	3.31	3.227	2.29	2.505	2.985	3.062	2.872	3.625	2.94	3.378	2.707	3.474	3.149	3.852	4.027	3.05128	1036281.0	1227324.2741	0.0
M070531/	3.526	3.125	2.495	3.602	3.074	2.768	3.336	2.569	2.121	3.752	2.681	3.668	3.368	3.177	2.972	3.104	3.995	3.398	2.149	2.776	2.952	2.983	3.153	4.062	3.339	3.564	2.8	3.198	3.161	3.043	3.991	3.05809	933146.0	1252280.51631	0.0
M075604/	3.42	3.004	2.375	3.906	3.267	3.006	3.301	2.456	2.47	3.418	2.612	3.153	3.266	3.223	2.883	3.235	2.973	3.309	2.263	2.538	2.995	2.912	3.001	3.485	3.137	3.234	2.742	3.332	3.065	3.092	3.982	3.01179	939453.0	811626.141878	0.0
M075779/	3.23	3.073	2.498	3.384	3.051	3.001	3.5	3.059	2.563	3.563	2.772	3.532	3.397	2.491	2.933	3.101	3.288	3.09	2.238	2.476	3.102	2.905	3.049	3.528	3.074	3.371	2.76	3.31	3.172	3.27	3.693	3.06246	1418322.0	1312576.80686	0.0
M136779/	2.952	3.017	2.391	3.27	3.026	2.875	3.269	2.566	2.289	3.466	2.404	3.453	3.334	2.691	2.872	3.066	3.254	3.028	2.074	2.518	2.873	2.845	2.973	3.593	3.024	3.351	2.659	3.257	3.019	2.831	3.693	2.9692	987112.0	853683.675799	0.0
M136846/	3.296	3.215	2.822	3.917	3.164	3.086	3.456	2.659	2.348	3.588	2.483	3.657	3.58	2.951	3.169	3.368	3.336	3.045	2.247	2.606	3.228	2.972	3.212	3.478	3.079	3.461	2.815	3.61	3.132	3.374	3.839	3.11667	1194936.0	1036418.62775	0.0
M136889/	3.121	2.879	2.449	3.63	2.885	2.817	3.073	2.998	2.269	3.429	2.426	3.322	3.078	2.616	2.66	3.089	3.038	2.78	1.86	2.313	3.108	2.804	2.757	3.296	2.791	2.984	2.547	3.048	2.614	2.366	3.53	2.79541	1092063.0	911762.037011	0.0
M136890/	3.436	3.303	2.642	3.413	3.203	3.215	3.485	2.891	2.142	4.019	2.937	4.086	3.628	3.121	3.208	3.453	3.903	3.078	2.454	2.871	3.402	3.127	3.383	4.112	3.348	3.816	3.072	3.498	3.61	3.563	3.729	3.26263	1009101.0	834341.979042	0.0
M136903/	3.5	3.148	2.764	3.672	3.343	3.015	3.426	2.577	2.753	3.427	3.024	3.472	3.62	2.954	3.08	3.307	3.559	2.952	2.74	2.646	2.879	2.967	3.252	3.744	3.029	3.329	2.757	3.605	3.282	3.821	3.838	3.14228	1206384.0	1070515.14599	0.0
M136904/	3.117	3.138	2.304	3.851	3.081	2.834	3.247	2.46	2.381	3.285	2.58	3.11	3.139	3.026	3.114	3.085	3.447	2.888	1.959	2.474	2.929	2.885	2.926	3.088	2.893	3.304	2.691	3.218	2.975	2.849	3.651	2.92393	1196199.0	961143.242792	0.0
M136919/	3.511	3.528	2.669	3.347	3.331	3.301	3.551	3.177	2.903	3.808	2.846	3.907	3.558	3.099	3.396	3.381	3.641	3.1	2.206	2.767	3.48	2.954	3.409	3.81	3.272	3.773	2.99	3.624	3.453	3.509	4.152	3.30924	914572.0	826050.588887	0.0
M136925/	3.874	3.47	2.822	3.747	3.357	3.296	3.235	3.147	2.601	3.928	2.831	4.191	3.262	3.864	3.254	3.463	4.0	3.332	2.608	2.634	3.251	3.162	3.345	4.567	3.672	3.823	2.975	3.297	3.285	3.143	3.981	3.24375	925334.0	854576.340755	0.0
M136934/	2.981	3.023	2.434	3.3	2.824	2.881	3.084	2.567	2.426	3.226	2.444	3.077	2.996	2.563	3.033	2.976	3.232	2.771	2.087	2.443	2.854	2.86	2.912	3.145	2.93	3.23	2.576	3.002	2.897	2.475	3.541	2.86588	1317616.0	1065322.33318	0.0
M136956/	2.791	3.147	2.301	3.304	3.214	3.001	3.112	2.59	2.167	3.328	2.763	3.399	3.449	2.705	3.061	3.034	3.45	2.925	1.971	2.539	2.994	2.931	2.957	3.755	3.089	3.325	2.607	3.253	3.036	2.764	3.865	2.98464	1065582.0	903142.603168	0.0
M136963/	2.912	3.186	2.705	3.563	3.136	2.958	3.189	2.832	2.484	3.641	2.758	3.672	3.395	2.855	2.96	3.254	3.518	3.307	2.294	2.645	2.919	2.878	3.204	4.38	3.126	3.435	2.787	3.049	3.231	3.2	3.721	3.07448	906498.0	816836.105144	0.0
M136966/	3.012	3.131	3.117	2.366	3.472	3.257	3.718	3.12	2.912	3.792	2.839	3.756	3.485	2.99	3.288	3.57	3.072	3.303	2.071	3.163	3.387	2.789	3.333	3.802	3.237	3.616	3.072	3.694	3.46	3.594	3.948	3.32177	1080194.0	761825.57602	0.0
M137026/	3.591	3.191	2.778	3.514	3.204	2.91	3.515	3.001	2.343	3.571	2.649	3.835	3.347	2.465	3.245	3.22	3.494	3.151	2.165	2.608	3.575	3.045	3.013	4.077	3.25	3.527	2.744	3.418	3.12	2.966	3.667	3.10503	968147.0	871587.208359	0.0
M137027/	3.257	3.162	2.97	4.007	3.27	3.244	3.348	2.582	2.471	4.029	2.986	3.891	3.393	2.943	3.057	3.023	3.915	3.217	2.536	2.614	3.001	2.937	3.311	3.738	3.2	3.348	2.887	3.371	3.224	3.2	3.991	3.13303	967706.0	887824.867404	0.0
M137031/	3.343	3.148	2.705	3.742	3.204	3.22	3.452	2.899	2.723	3.44	2.743	3.85	3.55	3.336	3.102	3.273	3.29	3.239	2.064	2.851	3.15	3.077	3.339	3.703	3.175	3.428	2.967	3.585	3.342	3.081	3.762	3.18603	1125865.0	961246.70258	0.0
M137032/	3.688	3.21	2.775	3.271	3.35	3.049	3.41	2.933	2.669	3.687	2.828	3.62	3.443	2.918	3.143	3.22	3.629	3.249	2.325	2.727	3.257	3.056	3.015	3.669	3.181	3.407	2.867	3.414	3.174	3.168	3.591	3.14807	1556682.0	1765651.89952	0.0
M137035/	3.379	3.329	2.879	3.763	3.438	3.355	3.542	2.782	2.639	3.484	2.735	3.504	3.478	3.051	3.295	3.206	3.318	3.34	2.646	2.826	3.29	3.052	3.132	4.054	3.324	3.596	2.93	3.502	3.395	3.165	4.054	3.23816	967723.0	1149962.42835	0.0
M137109/	2.861	3.049	2.371	3.209	3.011	2.877	3.138	2.593	2.117	3.354	2.413	3.19	3.142	2.901	2.903	3.042	3.135	3.032	1.823	2.494	2.809	2.846	2.991	3.499	2.984	3.35	2.627	3.294	3.038	3.033	3.694	2.90329	1098945.0	875335.970344	0.0
M137126/	3.464	2.92	2.641	3.654	3.097	3.098	3.293	2.813	2.298	3.388	2.569	3.553	3.281	3.176	2.868	3.184	3.313	3.217	2.123	2.905	3.134	2.566	3.166	3.919	3.16	3.411	2.748	3.184	3.199	2.838	3.291	3.00611	976712.0	882712.170747	0.0
M137129/	3.507	3.135	2.679	3.902	3.253	3.171	3.518	2.781	2.611	3.754	2.775	3.739	3.473	3.553	3.168	3.218	3.722	3.22	2.213	2.647	3.101	3.034	3.23	4.005	3.318	3.599	3.004	3.486	3.21	3.291	3.959	3.20363	983733.0	841283.893984	0.0
M137190/	2.857	3.155	2.673	2.792	3.076	2.735	3.034	2.369	2.418	3.662	2.537	3.93	2.973	2.62	3.161	3.22	3.27	2.982	2.292	2.472	2.976	2.921	2.995	3.866	3.067	3.552	2.64	3.276	3.024	2.767	3.85	2.97844	931681.0	828951.117977	0.0
M137267/	3.467	3.153	2.695	3.879	3.301	3.088	3.464	2.747	2.485	3.438	2.788	3.862	3.336	3.143	3.046	3.453	3.452	3.276	2.001	2.6	3.116	3.063	3.321	3.763	3.227	3.467	2.892	3.4	3.372	3.288	3.754	3.1547	983070.0	1243882.83379	0.0
M137445/	4.17	3.19	2.671	3.204	3.289	3.115	3.363	2.954	2.458	3.895	2.91	3.52	3.537	2.904	2.964	3.396	3.637	3.278	2.477	2.572	3.196	2.835	3.166	4.114	3.32	3.69	2.896	3.433	3.259	3.098	4.044	3.15668	916396.0	799281.922051	0.0
M137494/	3.442	3.291	2.678	3.54	3.663	3.195	3.725	2.911	2.715	3.405	2.919	3.535	3.637	3.348	3.184	3.273	3.291	3.096	2.376	2.801	3.112	2.999	3.176	3.755	3.138	3.483	3.005	3.445	3.307	3.45	3.75	3.21785	1201184.0	1397961.99922	0.0
M137527/	3.32	3.017	2.54	3.932	3.352	3.127	3.312	2.756	2.634	3.805	2.837	3.709	3.405	3.079	2.874	3.085	3.306	3.275	1.997	2.577	3.182	2.746	3.074	3.687	3.163	3.331	2.745	3.384	3.242	3.444	3.84	3.09376	1090477.0	899472.431864	0.0
M137528/	3.015	3.095	2.616	3.521	3.096	3.039	3.668	2.725	2.529	3.444	2.842	3.484	3.478	2.753	3.046	3.148	3.329	3.008	2.465	2.502	3.069	2.891	2.993	3.725	3.111	3.311	2.814	3.402	3.15	3.367	3.811	3.07753	1011406.0	905549.497021	0.0
M137543/	3.247	3.166	2.66	4.205	3.22	3.008	3.74	2.887	2.669	3.629	2.807	3.841	3.379	3.229	3.068	3.195	3.376	3.223	1.984	2.51	2.961	3.027	3.128	3.71	3.119	3.54	2.848	3.449	3.198	3.203	3.622	3.13313	895776.0	810425.160792	0.0
M137544/	2.937	2.875	2.293	3.92	2.996	2.839	3.044	2.545	2.466	3.317	2.356	3.281	3.182	2.807	3.078	2.968	3.19	2.784	1.956	2.57	2.928	2.887	2.891	3.416	2.803	3.185	2.67	3.127	2.902	2.855	3.736	2.88886	1153173.0	990001.214425	0.0
M137598/	3.784	3.151	2.733	3.338	3.415	3.148	3.417	2.61	2.508	3.536	2.791	3.551	3.403	2.947	3.022	3.357	3.552	3.319	2.164	2.756	3.206	3.073	3.376	3.608	3.364	3.587	2.937	3.659	3.238	3.455	3.813	3.19693	1006415.0	852132.878521	0.0
M137680/	3.328	3.467	2.734	2.906	3.526	3.095	3.242	2.921	2.417	3.915	2.674	3.648	3.734	2.871	3.243	3.497	3.451	3.416	2.402	2.838	3.016	3.31	3.582	3.796	3.5	3.759	3.023	3.68	3.374	3.491	4.028	3.25483	1115001.0	699852.92703	0.0
M137713/	3.104	3.344	2.543	3.429	3.473	3.2	3.795	2.83	2.515	3.812	2.763	3.956	3.651	3.012	3.152	3.439	3.57	3.449	2.19	2.632	3.026	2.976	3.14	3.89	3.334	3.691	2.793	3.433	3.338	3.183	3.618	3.18985	974348.0	886463.963915	0.0
M138018/	3.329	3.093	2.311	4.186	3.144	2.931	3.299	2.495	2.277	3.623	2.376	3.365	3.23	2.882	3.018	3.05	3.276	3.13	1.698	2.552	2.745	2.861	2.867	3.402	3.108	3.244	2.637	3.219	3.009	2.828	3.417	2.93431	982923.0	788546.499079	0.0
M138197/	3.747	3.089	2.419	3.646	3.044	2.947	3.41	2.451	2.401	3.393	2.464	3.185	3.314	2.884	2.992	2.954	3.467	3.154	1.943	2.4	2.982	2.827	3.076	3.911	3.279	3.48	2.705	3.11	3.063	2.508	3.686	2.99009	901079.0	791403.39222	0.0
M138255/	2.927	3.18	2.305	3.194	3.054	3.051	3.52	2.53	2.382	3.214	2.361	2.994	3.33	2.846	2.96	3.051	3.002	2.935	1.836	2.46	2.881	2.944	2.812	3.356	2.873	3.27	2.789	3.205	3.081	3.086	3.66	2.92511	1082306.0	909420.118692	0.0
M138257/	3.36	3.159	2.77	3.872	3.209	3.179	3.334	2.86	2.58	3.55	2.702	3.509	3.306	3.191	3.277	3.287	3.286	3.063	2.288	2.623	3.085	2.985	3.135	3.833	3.288	3.504	2.884	3.223	3.202	3.216	4.079	3.13108	1194087.0	987416.468403	0.0
M138315/	3.054	3.065	2.459	4.235	3.342	3.101	3.241	2.526	2.679	3.531	2.34	3.281	3.401	3.102	3.032	3.024	3.054	3.086	1.822	2.646	3.062	2.972	2.78	3.612	2.943	3.224	2.744	3.441	2.986	3.196	3.665	3.01514	1090177.0	932007.593922	0.0
M138355/	3.259	3.034	2.669	3.689	3.505	2.839	3.375	2.849	2.508	3.683	2.617	3.485	3.502	2.455	3.146	3.244	3.292	3.304	2.127	2.623	3.28	2.858	3.156	3.732	3.197	3.554	2.939	3.521	3.282	2.839	3.941	3.1264	1138802.0	999990.366967	0.0
M138448/	3.126	3.062	2.46	3.979	3.126	2.83	3.111	2.656	2.409	3.268	2.381	2.948	3.235	2.71	2.814	3.025	3.354	2.964	1.987	2.567	2.903	2.735	2.914	3.424	2.877	3.241	2.689	3.317	2.856	2.981	3.582	2.88955	1195619.0	1037131.70401	0.0
M138461/	3.211	3.222	2.761	3.796	3.13	3.028	3.294	2.63	2.57	3.456	2.692	3.379	3.258	2.686	3.112	3.235	3.075	3.194	2.222	2.805	3.047	2.879	3.128	3.421	3.119	3.442	2.765	3.416	3.14	3.047	3.577	3.07322	1160896.0	939354.820742	0.0
M138503/	3.233	2.771	2.168	4.07	3.14	2.526	3.233	2.512	2.202	3.273	2.622	3.307	3.042	2.549	2.524	2.684	3.315	2.813	2.185	2.194	2.627	2.53	2.644	3.413	2.901	3.17	2.511	3.099	2.527	2.55	3.185	2.76637	987871.0	1223540.09282	0.0
M138689/	2.969	3.128	2.52	3.224	3.11	3.015	3.42	2.734	2.213	3.394	2.66	3.489	3.287	2.463	3.175	3.131	3.519	3.097	2.149	2.647	3.129	2.875	2.95	3.632	3.107	3.354	2.84	3.297	3.144	3.173	3.578	3.02582	1083281.0	962895.788854	0.0
M138692/	3.361	2.931	2.372	3.08	2.939	2.765	3.081	2.376	2.207	3.208	2.454	3.242	2.966	2.91	2.682	2.995	3.061	2.95	1.959	2.483	3.525	2.705	2.824	3.847	2.839	3.126	2.491	3.013	2.898	3.647	3.867	2.82221	927139.0	1164448.62182	0.0
M138723/	2.551	3.048	2.379	3.746	3.085	3.063	3.267	2.747	2.452	3.229	2.294	2.9	3.223	2.959	2.982	3.101	3.229	2.912	1.821	2.53	2.833	2.921	2.856	2.97	2.939	3.219	2.711	3.227	2.996	3.092	3.57	2.93482	1042835.0	1274208.12377	0.0
M138767/	3.007	3.046	2.412	3.271	2.923	2.894	3.175	3.101	2.633	3.246	2.518	3.4	3.44	2.786	2.933	3.185	3.465	3.173	2.094	2.552	2.984	2.937	2.864	3.506	3.041	3.217	2.64	3.204	3.038	2.747	3.833	2.98336	1222500.0	1679038.72904	0.0
M138770/	3.233	3.158	2.579	3.639	3.037	2.931	3.44	2.595	2.315	3.7	2.494	3.54	3.416	2.704	3.016	3.056	3.548	3.035	2.015	2.584	3.043	2.9	3.082	3.558	3.203	3.38	2.653	3.342	2.982	3.217	3.768	3.02481	1070521.0	1485423.27934	0.0
M139029/	2.791	2.896	2.456	2.949	3.076	2.812	3.353	2.642	2.45	3.055	2.484	3.059	3.083	2.737	2.764	3.247	3.252	2.716	2.23	2.441	3.125	2.757	2.89	3.806	2.952	3.172	2.62	3.113	3.104	3.364	3.563	2.89026	871479.0	1144426.0093	0.0
M139101/	2.92	3.343	2.719	4.132	3.269	3.185	3.637	2.437	2.387	3.609	2.844	3.627	3.59	2.768	3.175	3.225	3.45	3.398	2.206	2.859	3.286	2.957	3.167	3.733	3.265	3.491	3.072	3.458	3.228	3.62	4.112	3.19313	1012754.0	918085.061909	0.0
M139225/	3.457	3.305	2.667	3.571	3.214	3.1	3.237	2.643	2.566	3.599	2.529	3.553	3.466	2.932	3.278	3.266	3.248	3.204	2.158	2.754	3.068	3.107	3.186	3.547	3.382	3.76	2.999	3.483	3.092	3.209	3.301	3.1556	950972.0	796778.695327	0.0
M139625/	3.69	3.083	2.497	4.402	3.367	3.052	3.364	2.799	2.192	3.674	2.47	3.768	3.331	3.278	3.076	3.067	3.505	3.139	2.124	2.547	3.157	2.851	3.094	3.701	3.144	3.511	2.639	3.292	3.207	3.129	3.859	3.05977	966487.0	839987.995655	0.0
M139701/	3.154	3.04	2.348	4.07	3.273	2.908	3.053	2.838	2.233	3.134	2.433	3.276	3.17	2.875	3.215	3.298	3.172	2.968	1.954	2.586	3.314	2.971	2.897	3.588	2.88	3.438	2.837	3.386	3.172	3.336	3.535	2.96483	1201960.0	1075562.28306	0.0
M139708/	2.921	3.018	2.417	3.927	3.029	2.841	3.401	2.762	2.465	3.315	2.297	3.067	3.221	3.063	2.802	3.078	3.239	2.855	1.787	2.484	2.959	2.813	2.914	3.326	3.006	3.418	2.683	3.292	3.137	3.017	3.63	2.9277	1304046.0	1065924.16187	0.0
M139789/	2.782	3.587	2.845	3.384	3.327	2.988	3.541	2.87	2.472	3.386	2.683	3.366	3.374	2.698	3.247	3.297	3.363	3.129	2.662	2.79	2.99	3.145	3.294	3.667	3.073	3.543	2.932	3.499	3.333	3.24	4.157	3.1561	1211373.0	1133929.37346	0.0
M139790/	3.147	2.697	2.555	3.252	3.069	2.727	3.074	2.674	2.278	3.199	2.482	2.991	3.104	2.879	2.555	3.024	3.035	2.651	2.109	2.328	2.802	2.667	2.841	3.096	2.722	2.999	2.443	3.269	2.801	2.648	3.604	2.79688	1419765.0	1296230.25423	0.0
M139812/	3.405	3.02	3.124	3.154	3.467	3.197	3.459	2.533	2.537	4.218	2.71	4.168	3.409	3.543	3.361	3.793	3.778	3.663	2.245	2.706	3.359	2.491	3.408	3.449	3.486	3.796	3.241	3.534	3.515	4.031	4.394	3.31123	867218.0	1165015.93737	0.0
M140025/	2.812	2.934	2.258	3.995	3.086	2.76	3.221	2.342	2.414	3.091	2.519	3.309	3.305	2.666	3.005	2.945	3.05	2.906	1.619	2.344	3.037	2.743	2.906	3.474	2.934	3.241	2.762	3.246	2.955	2.917	3.252	2.88491	1163260.0	958261.676883	0.0
M140293/	3.402	2.831	2.447	3.462	3.181	2.87	3.239	2.916	2.362	3.372	2.433	3.31	3.226	2.994	3.093	2.885	2.986	2.913	1.96	2.515	2.994	2.818	3.031	3.361	2.948	3.376	2.678	3.336	2.988	2.644	3.685	2.94246	971842.0	813252.180942	0.0
M140353/	3.717	3.183	2.413	3.374	2.982	3.077	3.22	2.839	2.318	3.454	2.46	3.502	3.371	2.526	3.036	3.14	3.411	3.075	1.997	2.471	2.823	2.718	3.022	3.607	3.05	3.462	2.722	3.276	2.933	3.537	3.405	2.97705	916911.0	810191.560611	0.0
