rh.aparc.DKTatlas.area	rh_caudalanteriorcingulate_area	rh_caudalmiddlefrontal_area	rh_cuneus_area	rh_entorhinal_area	rh_fusiform_area	rh_inferiorparietal_area	rh_inferiortemporal_area	rh_isthmuscingulate_area	rh_lateraloccipital_area	rh_lateralorbitofrontal_area	rh_lingual_area	rh_medialorbitofrontal_area	rh_middletemporal_area	rh_parahippocampal_area	rh_paracentral_area	rh_parsopercularis_area	rh_parsorbitalis_area	rh_parstriangularis_area	rh_pericalcarine_area	rh_postcentral_area	rh_posteriorcingulate_area	rh_precentral_area	rh_precuneus_area	rh_rostralanteriorcingulate_area	rh_rostralmiddlefrontal_area	rh_superiorfrontal_area	rh_superiorparietal_area	rh_superiortemporal_area	rh_supramarginal_area	rh_transversetemporal_area	rh_insula_area	rh_WhiteSurfArea_area	BrainSegVolNotVent	eTIV	rh_temporalpole_area
M070481/	367.0	1453.0	1837.0	273.0	1955.0	3923.0	2198.0	753.0	4785.0	1837.0	2210.0	772.0	3226.0	454.0	1443.0	1105.0	346.0	1108.0	1484.0	3928.0	790.0	3391.0	3176.0	421.0	2972.0	5641.0	4190.0	3475.0	2965.0	283.0	1240.0	64000.4	801235.0	1073055.18537	0.0
M070524/	953.0	1946.0	989.0	291.0	1916.0	4082.0	2764.0	1145.0	3559.0	1856.0	3358.0	1045.0	2709.0	509.0	1908.0	2441.0	487.0	1951.0	881.0	5152.0	1370.0	4782.0	4425.0	726.0	3243.0	6335.0	4516.0	3930.0	3014.0	274.0	1713.0	74270.3	1036281.0	1227324.2741	0.0
M070531/	652.0	2063.0	2030.0	280.0	2515.0	4942.0	3119.0	990.0	6370.0	2623.0	3350.0	1323.0	4336.0	490.0	1362.0	1238.0	635.0	1495.0	1787.0	4291.0	1041.0	4154.0	3599.0	488.0	3679.0	7476.0	3927.0	4441.0	2959.0	316.0	1450.0	79421.7	933146.0	1252280.51631	0.0
M075604/	741.0	1760.0	1940.0	294.0	2189.0	5162.0	2472.0	1017.0	4520.0	2201.0	2711.0	1001.0	3207.0	577.0	1151.0	1195.0	533.0	1105.0	1435.0	3688.0	1150.0	3913.0	3247.0	574.0	3124.0	6988.0	4008.0	4831.0	3001.0	315.0	1509.0	71561.9	939453.0	811626.141878	2.0
M075779/	850.0	2580.0	2344.0	374.0	3433.0	5998.0	4341.0	1448.0	6572.0	3404.0	4240.0	1578.0	5374.0	918.0	1819.0	2081.0	867.0	2083.0	1995.0	5312.0	1611.0	5339.0	5823.0	924.0	6279.0	11236.0	6622.0	6324.0	5398.0	529.0	2184.0	109878.0	1418322.0	1312576.80686	0.0
M136779/	666.0	1841.0	1630.0	356.0	2213.0	5221.0	3408.0	885.0	4594.0	2063.0	2267.0	1133.0	4244.0	482.0	1415.0	1431.0	518.0	1479.0	1086.0	3597.0	1144.0	3798.0	3469.0	560.0	4480.0	7597.0	4295.0	4632.0	3226.0	279.0	1554.0	75560.8	987112.0	853683.675799	0.0
M136846/	719.0	2224.0	2134.0	295.0	2925.0	6417.0	3205.0	1067.0	5457.0	2695.0	3551.0	1231.0	4069.0	728.0	1695.0	1528.0	636.0	1433.0	1817.0	4477.0	1453.0	4596.0	4587.0	501.0	4497.0	9323.0	5413.0	5428.0	3658.0	305.0	2038.0	90101.3	1194936.0	1036418.62775	0.0
M136889/	689.0	2490.0	2462.0	404.0	2626.0	4757.0	4107.0	905.0	7392.0	2699.0	4119.0	1495.0	4576.0	692.0	1722.0	1909.0	850.0	2115.0	2316.0	4160.0	1054.0	4868.0	4003.0	961.0	5483.0	9368.0	3615.0	5987.0	3837.0	633.0	2203.0	94495.1	1092063.0	911762.037011	0.0
M136890/	522.0	1603.0	1964.0	245.0	2287.0	4355.0	2858.0	981.0	4830.0	2077.0	3122.0	904.0	3317.0	524.0	1573.0	1009.0	519.0	902.0	1553.0	4090.0	1099.0	4130.0	3737.0	407.0	3249.0	6272.0	4287.0	3948.0	3101.0	320.0	1676.0	71462.2	1009101.0	834341.979042	0.0
M136903/	689.0	2275.0	2165.0	292.0	2695.0	6004.0	3454.0	1196.0	5848.0	3293.0	3292.0	1428.0	3586.0	576.0	1813.0	1615.0	609.0	1172.0	1499.0	5761.0	1570.0	5050.0	4568.0	614.0	3903.0	9346.0	4843.0	4501.0	3675.0	338.0	2051.0	89723.1	1206384.0	1070515.14599	0.0
M136904/	666.0	2239.0	2104.0	315.0	3059.0	5801.0	3512.0	993.0	6068.0	2828.0	3540.0	1432.0	4375.0	688.0	1969.0	1339.0	619.0	1687.0	1731.0	4205.0	1264.0	4768.0	4093.0	575.0	5067.0	8681.0	5112.0	4609.0	3279.0	364.0	1828.0	88810.2	1196199.0	961143.242792	0.0
M136919/	429.0	1557.0	1716.0	306.0	1901.0	4896.0	2354.0	770.0	4264.0	1873.0	2014.0	965.0	3252.0	553.0	1279.0	1141.0	467.0	1200.0	1059.0	3849.0	810.0	3745.0	3696.0	468.0	2721.0	6203.0	4612.0	3892.0	3032.0	347.0	1431.0	66802.0	914572.0	826050.588887	0.0
M136925/	538.0	1767.0	2235.0	273.0	1767.0	3582.0	2402.0	873.0	6063.0	1613.0	2826.0	656.0	3105.0	462.0	1050.0	1158.0	384.0	1004.0	1699.0	3574.0	1011.0	3684.0	3750.0	336.0	2292.0	5644.0	3538.0	3714.0	2854.0	322.0	1482.0	65657.6	925334.0	854576.340755	0.0
M136934/	956.0	2691.0	2604.0	352.0	3021.0	6996.0	4253.0	1633.0	6399.0	3219.0	3926.0	1635.0	4626.0	620.0	1591.0	1972.0	734.0	1994.0	2020.0	5025.0	1449.0	5317.0	5848.0	881.0	5177.0	11174.0	4981.0	5155.0	4200.0	426.0	2329.0	103205.0	1317616.0	1065322.33318	0.0
M136956/	653.0	2314.0	2130.0	358.0	2556.0	5592.0	3113.0	899.0	4875.0	2883.0	2814.0	1504.0	4510.0	610.0	1587.0	1860.0	587.0	1229.0	1296.0	4541.0	1366.0	4394.0	4234.0	673.0	3789.0	8205.0	4646.0	4629.0	4013.0	343.0	1813.0	84017.5	1065582.0	903142.603168	0.0
M136963/	430.0	1700.0	1443.0	258.0	2422.0	4393.0	2707.0	1030.0	4949.0	2026.0	1968.0	986.0	3431.0	563.0	1246.0	1268.0	525.0	1336.0	919.0	3313.0	860.0	3559.0	3237.0	299.0	2819.0	6520.0	3407.0	4143.0	2398.0	247.0	1598.0	65999.2	906498.0	816836.105144	0.0
M136966/	748.0	2079.0	1503.0	398.0	2200.0	4831.0	3536.0	825.0	4751.0	2341.0	2169.0	1367.0	3088.0	647.0	1999.0	1405.0	526.0	1258.0	990.0	3650.0	1326.0	4211.0	3680.0	565.0	5157.0	8830.0	3463.0	4189.0	2545.0	326.0	1696.0	76296.8	1080194.0	761825.57602	0.0
M137026/	480.0	1878.0	2028.0	363.0	2298.0	4932.0	3157.0	902.0	5681.0	2232.0	2464.0	1089.0	3677.0	627.0	1516.0	1411.0	644.0	1296.0	1340.0	3546.0	790.0	3769.0	3572.0	541.0	4019.0	7866.0	3812.0	4443.0	2658.0	333.0	1678.0	75040.9	968147.0	871587.208359	0.0
M137027/	635.0	1594.0	2415.0	209.0	2370.0	3830.0	2275.0	1000.0	5424.0	1937.0	2811.0	1013.0	2834.0	661.0	1152.0	1262.0	486.0	1104.0	1711.0	4283.0	1164.0	3695.0	3236.0	643.0	3432.0	6632.0	4376.0	4168.0	3099.0	292.0	1543.0	71285.9	967706.0	887824.867404	0.0
M137031/	617.0	1948.0	2225.0	381.0	2657.0	5069.0	3795.0	1053.0	5782.0	2700.0	3267.0	1181.0	3714.0	623.0	1441.0	1318.0	566.0	1208.0	1768.0	5209.0	1034.0	4147.0	3457.0	656.0	3822.0	7837.0	4840.0	5129.0	3219.0	314.0	1730.0	82705.7	1125865.0	961246.70258	0.0
M137032/	973.0	2700.0	2421.0	442.0	3787.0	7146.0	4359.0	1707.0	7329.0	3577.0	4659.0	1763.0	5518.0	747.0	1991.0	2100.0	768.0	1669.0	2170.0	6411.0	1729.0	5823.0	5863.0	955.0	6301.0	10606.0	4748.0	6549.0	5194.0	507.0	2230.0	112741.0	1556682.0	1765651.89952	0.0
M137035/	469.0	2209.0	1618.0	298.0	2328.0	4047.0	2906.0	942.0	4718.0	1993.0	2317.0	1069.0	3341.0	587.0	1414.0	1527.0	439.0	1111.0	1252.0	3821.0	878.0	4250.0	3543.0	413.0	2736.0	6657.0	4003.0	4341.0	3098.0	292.0	1663.0	70281.4	967723.0	1149962.42835	0.0
M137109/	726.0	1915.0	2253.0	367.0	2652.0	5492.0	3217.0	1196.0	5404.0	3005.0	3545.0	1474.0	4623.0	713.0	1686.0	2079.0	672.0	1719.0	1891.0	5178.0	1410.0	4604.0	4274.0	763.0	4273.0	8303.0	5558.0	4757.0	3869.0	412.0	1819.0	89844.7	1098945.0	875335.970344	0.0
M137126/	689.0	2351.0	1927.0	284.0	2005.0	4531.0	2997.0	1041.0	5316.0	2313.0	3581.0	1160.0	4054.0	549.0	1143.0	1777.0	462.0	1323.0	1825.0	3078.0	1105.0	5061.0	3620.0	481.0	3253.0	7492.0	4064.0	4408.0	2184.0	313.0	1541.0	75924.9	976712.0	882712.170747	0.0
M137129/	613.0	1449.0	1496.0	328.0	2771.0	4611.0	2785.0	949.0	4678.0	1933.0	2652.0	1010.0	3546.0	553.0	1317.0	1344.0	524.0	1376.0	1102.0	4002.0	1086.0	3629.0	3446.0	417.0	3317.0	6417.0	4236.0	4330.0	3166.0	305.0	1569.0	70957.5	983733.0	841283.893984	0.0
M137190/	513.0	1571.0	1645.0	181.0	2298.0	4763.0	2862.0	930.0	5067.0	1949.0	2212.0	925.0	3903.0	581.0	1506.0	1115.0	481.0	1384.0	1009.0	4075.0	1102.0	4076.0	3303.0	511.0	3768.0	6713.0	4145.0	4224.0	2534.0	276.0	1357.0	70981.1	931681.0	828951.117977	0.0
M137267/	903.0	1694.0	1698.0	262.0	1734.0	4969.0	3286.0	873.0	4199.0	2593.0	2526.0	1115.0	3832.0	490.0	1247.0	1156.0	567.0	1140.0	1492.0	4036.0	1276.0	3566.0	3271.0	545.0	3559.0	7646.0	3992.0	3890.0	2764.0	247.0	1576.0	72145.0	983070.0	1243882.83379	0.0
M137445/	467.0	1281.0	1766.0	211.0	2028.0	3951.0	2572.0	844.0	5312.0	1771.0	3104.0	994.0	3021.0	514.0	1112.0	1092.0	456.0	1143.0	1521.0	3790.0	1078.0	3397.0	3796.0	388.0	3096.0	5739.0	3949.0	3529.0	2596.0	301.0	1450.0	66266.9	916396.0	799281.922051	0.0
M137494/	713.0	1948.0	2046.0	426.0	2713.0	6113.0	2830.0	949.0	4701.0	2874.0	3320.0	1262.0	3946.0	635.0	1514.0	1688.0	563.0	1738.0	1481.0	4644.0	1380.0	4554.0	4364.0	667.0	4464.0	8494.0	4827.0	5073.0	3626.0	318.0	2107.0	85978.9	1201184.0	1397961.99922	0.0
M137527/	622.0	2130.0	1994.0	314.0	2590.0	4851.0	3729.0	889.0	4701.0	2409.0	2780.0	1279.0	4044.0	671.0	1809.0	2009.0	762.0	1841.0	1437.0	4979.0	1316.0	4401.0	4025.0	605.0	3469.0	8707.0	4653.0	4282.0	3098.0	292.0	1801.0	82489.3	1090477.0	899472.431864	0.0
M137528/	533.0	1709.0	1680.0	300.0	2189.0	4602.0	3256.0	966.0	5557.0	2407.0	2893.0	1020.0	3497.0	610.0	1222.0	1232.0	595.0	1415.0	1260.0	3814.0	1014.0	3776.0	3748.0	576.0	4226.0	7640.0	4280.0	4540.0	3381.0	355.0	1668.0	75959.3	1011406.0	905549.497021	0.0
M137543/	616.0	1431.0	1907.0	449.0	1876.0	4790.0	2882.0	774.0	4621.0	2363.0	2626.0	1134.0	3281.0	480.0	1294.0	1368.0	467.0	1095.0	1572.0	3763.0	1015.0	3994.0	3691.0	458.0	3555.0	6408.0	4130.0	3966.0	2783.0	269.0	1631.0	70688.1	895776.0	810425.160792	0.0
M137544/	634.0	2843.0	2321.0	227.0	2755.0	5954.0	3544.0	1061.0	5643.0	2802.0	3369.0	1363.0	5054.0	590.0	1539.0	1419.0	745.0	1355.0	1626.0	5269.0	1247.0	4997.0	4707.0	854.0	4817.0	9019.0	5052.0	5246.0	3992.0	348.0	1887.0	92278.1	1153173.0	990001.214425	0.0
M137598/	601.0	1491.0	1707.0	293.0	2296.0	4701.0	2744.0	969.0	4515.0	2436.0	2559.0	1343.0	3335.0	519.0	1657.0	1076.0	528.0	1231.0	1492.0	4125.0	1062.0	3966.0	3851.0	616.0	3104.0	7087.0	4107.0	3992.0	3018.0	268.0	1722.0	72415.3	1006415.0	852132.878521	3.0
M137680/	705.0	1682.0	2600.0	299.0	2566.0	5817.0	2750.0	1007.0	7113.0	2564.0	3830.0	1367.0	3539.0	723.0	1502.0	1142.0	528.0	1072.0	2133.0	4949.0	1204.0	4313.0	3925.0	611.0	4231.0	7533.0	4189.0	3989.0	3066.0	261.0	1564.0	82775.1	1115001.0	699852.92703	0.0
M137713/	556.0	2122.0	1825.0	282.0	2048.0	5403.0	2437.0	842.0	5061.0	1917.0	2751.0	852.0	3288.0	468.0	1376.0	1231.0	456.0	998.0	1328.0	3760.0	974.0	4276.0	3817.0	372.0	2722.0	6659.0	4630.0	4258.0	2890.0	327.0	1499.0	71427.6	974348.0	886463.963915	0.0
M138018/	739.0	2078.0	1621.0	265.0	2492.0	5526.0	2631.0	1051.0	4801.0	2112.0	3092.0	945.0	4035.0	622.0	1348.0	1291.0	470.0	1212.0	1265.0	4107.0	1225.0	3910.0	3748.0	653.0	3737.0	7646.0	3718.0	4285.0	3224.0	277.0	1639.0	75763.3	982923.0	788546.499079	0.0
M138197/	520.0	2100.0	1613.0	306.0	1826.0	4743.0	2120.0	810.0	4422.0	2395.0	2911.0	1254.0	2716.0	502.0	1327.0	1250.0	480.0	1118.0	1198.0	3520.0	986.0	4162.0	3101.0	425.0	2728.0	6932.0	3647.0	4226.0	2603.0	290.0	1568.0	67798.0	901079.0	791403.39222	0.0
M138255/	614.0	2259.0	2606.0	335.0	2525.0	5142.0	3108.0	1201.0	5141.0	2983.0	3334.0	1620.0	3723.0	657.0	1481.0	1497.0	637.0	1479.0	1894.0	4600.0	1265.0	4945.0	4386.0	686.0	4872.0	8478.0	4350.0	4105.0	2773.0	266.0	1788.0	84749.9	1082306.0	909420.118692	0.0
M138257/	793.0	2277.0	2286.0	265.0	2715.0	6259.0	3631.0	1258.0	5642.0	3140.0	3354.0	1575.0	4336.0	612.0	1265.0	1846.0	537.0	1785.0	1668.0	4789.0	1316.0	5193.0	4335.0	644.0	4439.0	8135.0	4855.0	4590.0	3170.0	341.0	2040.0	89093.7	1194087.0	987416.468403	0.0
M138315/	722.0	2063.0	1809.0	293.0	2212.0	5215.0	2978.0	984.0	5484.0	2672.0	3069.0	1324.0	3852.0	623.0	1629.0	1287.0	569.0	1320.0	1556.0	4278.0	1261.0	4701.0	3832.0	621.0	3356.0	8195.0	4450.0	5037.0	2974.0	399.0	1923.0	80687.2	1090177.0	932007.593922	0.0
M138355/	671.0	1540.0	2042.0	346.0	2541.0	7466.0	3593.0	968.0	6314.0	2355.0	2936.0	1443.0	4081.0	718.0	1701.0	1404.0	548.0	1394.0	1468.0	4685.0	1202.0	4036.0	4400.0	635.0	4445.0	8568.0	4151.0	5018.0	3631.0	418.0	1636.0	86350.3	1138802.0	999990.366967	0.0
M138448/	877.0	2308.0	2560.0	281.0	3275.0	5670.0	3843.0	1344.0	6838.0	2539.0	4048.0	1439.0	4506.0	709.0	1778.0	1533.0	623.0	1450.0	2062.0	5224.0	1356.0	5383.0	4366.0	839.0	5049.0	9016.0	5543.0	5307.0	3415.0	450.0	1857.0	95488.3	1195619.0	1037131.70401	0.0
M138461/	828.0	2440.0	2120.0	331.0	2734.0	5449.0	3474.0	1098.0	5964.0	2714.0	3517.0	1255.0	4562.0	669.0	1473.0	1800.0	610.0	1990.0	1440.0	4792.0	1329.0	4775.0	4593.0	794.0	4786.0	8687.0	5112.0	4563.0	3460.0	350.0	2026.0	89734.9	1160896.0	939354.820742	0.0
M138503/	776.0	2324.0	1810.0	292.0	2409.0	5250.0	3449.0	865.0	5852.0	2716.0	2468.0	1214.0	4607.0	592.0	1917.0	1513.0	728.0	1982.0	1515.0	4801.0	1615.0	4364.0	4037.0	818.0	4044.0	8671.0	4015.0	4790.0	3350.0	281.0	2035.0	85098.2	987871.0	1223540.09282	0.0
M138689/	584.0	2165.0	1918.0	369.0	2477.0	6020.0	3163.0	933.0	5282.0	2745.0	2917.0	1244.0	4756.0	757.0	1462.0	1335.0	511.0	1519.0	1409.0	4283.0	1031.0	4756.0	3991.0	685.0	4018.0	8911.0	4396.0	4899.0	3016.0	340.0	1771.0	83660.5	1083281.0	962895.788854	0.0
M138692/	553.0	2552.0	1626.0	641.0	2552.0	4712.0	2622.0	849.0	5257.0	1927.0	2990.0	1013.0	2781.0	528.0	1365.0	1462.0	567.0	1267.0	1488.0	3911.0	971.0	3987.0	4180.0	630.0	3376.0	6759.0	3908.0	5135.0	3007.0	293.0	1568.0	74475.0	927139.0	1164448.62182	0.0
M138723/	524.0	2165.0	1917.0	345.0	2482.0	5996.0	3998.0	1141.0	4970.0	3281.0	3029.0	1427.0	4745.0	603.0	1274.0	1441.0	628.0	1209.0	1555.0	4729.0	976.0	4734.0	4092.0	526.0	4522.0	8458.0	5224.0	5051.0	3955.0	415.0	1920.0	87330.5	1042835.0	1274208.12377	0.0
M138767/	902.0	2367.0	2006.0	377.0	2969.0	6114.0	3349.0	1158.0	5330.0	2891.0	3225.0	1561.0	4476.0	792.0	2001.0	1683.0	647.0	1380.0	1421.0	4622.0	1550.0	5076.0	5125.0	847.0	3951.0	9884.0	5601.0	5769.0	3960.0	415.0	2113.0	93560.4	1222500.0	1679038.72904	0.0
M138770/	715.0	2179.0	1800.0	337.0	2366.0	5067.0	3068.0	1048.0	5243.0	2742.0	3108.0	1299.0	3861.0	702.0	1349.0	1435.0	604.0	1089.0	1605.0	4931.0	1177.0	4548.0	4136.0	525.0	3920.0	7875.0	5102.0	4318.0	3033.0	342.0	1846.0	81367.6	1070521.0	1485423.27934	0.0
M139029/	477.0	1948.0	1661.0	250.0	1735.0	3752.0	2542.0	870.0	4162.0	2202.0	2255.0	1155.0	3167.0	463.0	1218.0	1189.0	536.0	1127.0	1284.0	4050.0	1029.0	3691.0	3195.0	418.0	2899.0	6763.0	4218.0	3908.0	2704.0	273.0	1478.0	66619.2	871479.0	1144426.0093	0.0
M139101/	636.0	2096.0	1682.0	326.0	2477.0	4690.0	2791.0	1203.0	5039.0	2483.0	2915.0	1345.0	3616.0	670.0	1517.0	1352.0	539.0	1276.0	1251.0	4402.0	1007.0	4436.0	3748.0	616.0	3212.0	8092.0	4373.0	4456.0	2449.0	296.0	1802.0	76793.2	1012754.0	918085.061909	0.0
M139225/	591.0	2137.0	1837.0	282.0	2096.0	4227.0	2404.0	839.0	5136.0	2036.0	2734.0	1074.0	3350.0	479.0	1442.0	1267.0	479.0	1116.0	1330.0	4172.0	1004.0	4060.0	3276.0	403.0	2822.0	6869.0	3757.0	4071.0	2939.0	325.0	1697.0	70252.1	950972.0	796778.695327	0.0
M139625/	669.0	1723.0	1920.0	317.0	2594.0	5600.0	3205.0	935.0	4664.0	2030.0	2655.0	1098.0	3864.0	557.0	1442.0	1533.0	544.0	1146.0	1094.0	4377.0	1099.0	4116.0	3671.0	585.0	2948.0	6992.0	4189.0	4222.0	2625.0	329.0	1704.0	74446.9	966487.0	839987.995655	0.0
M139701/	658.0	2415.0	2852.0	319.0	2756.0	5369.0	4079.0	971.0	6546.0	3173.0	3149.0	1598.0	5457.0	701.0	1774.0	1654.0	624.0	1737.0	2122.0	4757.0	1208.0	4883.0	4647.0	658.0	4937.0	8547.0	4697.0	5172.0	3749.0	385.0	2002.0	93592.4	1201960.0	1075562.28306	0.0
M139708/	1169.0	2590.0	2613.0	293.0	2628.0	6529.0	3693.0	1336.0	6950.0	3316.0	4324.0	1607.0	4899.0	679.0	1543.0	2082.0	770.0	1737.0	2205.0	5677.0	1483.0	4743.0	5400.0	1152.0	5195.0	9228.0	6818.0	5574.0	4301.0	428.0	2110.0	103073.0	1304046.0	1065924.16187	0.0
M139789/	803.0	2021.0	1978.0	409.0	2947.0	5951.0	3586.0	1226.0	7838.0	3021.0	3166.0	1282.0	4846.0	889.0	1898.0	1667.0	636.0	1789.0	1454.0	4572.0	1919.0	4456.0	4406.0	728.0	4894.0	8409.0	5529.0	4775.0	4178.0	337.0	1906.0	93516.2	1211373.0	1133929.37346	0.0
M139790/	1457.0	3289.0	2185.0	695.0	4351.0	8281.0	5242.0	1155.0	6548.0	3753.0	4016.0	2050.0	5170.0	823.0	2182.0	1901.0	868.0	1724.0	1826.0	6731.0	1814.0	6728.0	5333.0	1334.0	6052.0	10392.0	6515.0	6384.0	4363.0	480.0	2118.0	115759.0	1419765.0	1296230.25423	0.0
M139812/	790.0	1115.0	1794.0	329.0	1791.0	4173.0	2465.0	841.0	4898.0	1586.0	2564.0	731.0	2826.0	389.0	1113.0	1244.0	434.0	1693.0	1386.0	3129.0	950.0	2222.0	2493.0	508.0	3932.0	6805.0	2982.0	3936.0	2266.0	340.0	1511.0	63234.4	867218.0	1165015.93737	0.0
M140025/	900.0	3284.0	2565.0	378.0	3227.0	8022.0	4409.0	1084.0	6115.0	2908.0	3096.0	1478.0	5024.0	633.0	1925.0	1830.0	661.0	1589.0	1723.0	5452.0	1383.0	5485.0	4702.0	858.0	4696.0	8831.0	5208.0	5188.0	4051.0	351.0	2205.0	99260.2	1163260.0	958261.676883	0.0
M140293/	668.0	1912.0	1926.0	321.0	2272.0	4505.0	2673.0	981.0	4750.0	2399.0	3519.0	1082.0	3361.0	587.0	1535.0	1821.0	558.0	1538.0	1795.0	3836.0	1084.0	3833.0	3530.0	668.0	3977.0	7030.0	3695.0	3887.0	3083.0	273.0	1696.0	74795.0	971842.0	813252.180942	0.0
M140353/	502.0	1590.0	1820.0	283.0	2466.0	4962.0	2843.0	996.0	4578.0	2417.0	3582.0	1164.0	3987.0	630.0	1290.0	1219.0	551.0	1521.0	1547.0	3925.0	938.0	3725.0	3890.0	575.0	3711.0	6699.0	4595.0	4218.0	2658.0	273.0	1616.0	74772.3	916911.0	810191.560611	0.0
